452
755
316
494
631
826
421
240
488
492
368
723
591
350
519
815
225
740
781
300
820
503
575
346
274
376
279
795
605
793
782
751
837
249
729
360
706
204
458
565
391
822
806
803
630
547
577
749
309
355
296
194
536
649
432
599
664
328
274
585
335
403
422
782
552
242
300
173
650
703
710
718
382
244
649
560
409
431
311
482
543
644
726
779
159
294
791
242
553
192
575
255
628
208
541
283
144
489
631
532
687
419
230
269
182
744
162
356
276
222
279
301
530
698
567
622
180
725
266
454
333
580
409
589
639
332
660
166
230
254
417
507
245
124
619
114
191
99
732
571
105
245
362
381
600
534
303
176
570
504
556
278
581
648
503
299
588
492
652
659
168
364
516
375
330
655
480
120
282
689
652
222
448
631
168
605
654
669
505
248
89
84
540
121
151
190
640
217
387
629
687
347
446
128
619
439
628
221
331
463
40
595
223
144
441
39
520
614
190
216
130
341
138
379
590
534
230
568
239
418
293
583
387
100
567
293
463
284
122
32
408
411
427
520
69
642
573
606
445
488
601
130
602
357
562
524
437
174
122
475
326
588
227
389
583
222
-2
424
389
204
358
533
84
32
347
346
502
-30
420
495
83
593
21
70
33
207
72
569
288
433
398
228
563
283
126
290
-13
189
374
165
535
260
450
392
163
293
370
213
521
310
350
384
34
268
294
355
247
159
97
372
132
-27
319
309
-42
312
423
410
59
27
59
7
77
420
20
362
-59
-57
44
450
456
201
387
197
93
-73
59
457
57
164
175
5
404
529
237
43
310
308
-50
280
145
155
424
368
-15
424
219
10
-101
122
206
146
416
119
-77
-51
227
136
496
324
-78
-133
398
413
-80
465
84
118
62
258
234
322
494
389
483
-124
-51
259
266
184
8
-63
-38
-16
-25
-3
205
420
-116
161
221
213
125
144
-144
24
231
241
306
19
463
-168
393
43
-98
64
339
-36
47
242
170
75
289
84
167
131
83
-174
-44
-97
-75
-115
91
270
156
-73
353
-153
50
429
-27
430
211
102
216
-107
3
214
224
104
200
260
-10
-205
-189
276
96
-178
368
42
9
-213
400
415
-170
393
-15
294
42
-139
276
-150
-79
209
268
-212
-220
70
202
54
282
0
353
1
-149
281
345
-97
-132
196
322
128
-212
266
251
-10
303
-192
-235
130
-175
-66
-197
-57
347
-235
-261
291
249
-268
5
8
219
331
0
362
-220
186
-243
-48
74
228
139
44
116
266
-135
-288
-124
-184
29
-263
114
29
74
-125
215
-81
85
-262
-153
65
-58
-8
-92
118
-39
-61
-200
-178
-136
169
-201
-49
12
-238
322
-136
-34
273
228
-110
252
267
-215
-186
-318
131
-24
69
49
-298
-57
-227
-110
-126
50
-48
-133
208
90
-230
72
257
-172
-52
53
-100
-349
188
187
285
-58
10
-309
31
148
44
209
149
-324
-133
120
175
-362
-174
-194
-120
-274
-305
-35
75
191
-78
-185
185
-73
230
62
-343
237
-86
52
15
-283
-30
-279
133
144
-6
41
203
69
118
46
-219
-118
56
-80
-225
207
-324
153
-27
-227
-385
-194
-409
103
-224
-69
-34
-66
-414
-361
-317
-203
14
79
25
-51
-261
-364
-106
-164
62
-270
-290
42
-352
-123
-95
-326
-126
-423
-19
51
186
14
18
-185
152
117
-125
-263
21
-196
-226
-185
82
-74
-178
-358
-139
-244
-333
-413
-194
-153
-248
-134
-99
130
-127
-255
-135
6
39
-51
33
-179
-435
-106
-384
-272
-313
-256
-37
-67
-14
149
-433
92
-79
-67
-137
115
-101
112
-202
81
133
10
-453
-139
1
-143
-331
37
-417
-104
53
-82
-280
52
-186
-129
-97
-477
-412
-271
6
-299
-2
-21
-516
65
25
-56
-331
-146
-105
-169
-236
-5
-419
-21
-381
-16
-323
-64
-59
31
-504
-462
69
91
-463
2
-262
-407
-540
-536
95
-333
45
-177
-119
-201
-388
-365
-313
-193
64
-479
-241
-68
-497
-164
63
-166
-106
35
-19
-497
-279
-394
-538
-476
-474
-358
-105
-287
-113
-342
-457
-364
-381
-515
-531
-1
-321
-457
-320
-588
-478
-454
-87
-173
-56
-304
-213
-41
-176
-137
-157
-193
-226
-122
-263
-28
-166
-51
-383
-78
-129
-545
-158
-289
-253
-540
-541
-548
-249
-578
-354
-346
-236
-66
-181
-364
-576
-58
-180
-624
-281
-244
-397
-75
-162
-501
-573
-244
-604
-516
-530
-263
-206
-88
-569
-279
-218
-187
-179
-69
-126
-568
-83
-160
-236
-484
-350
-463
-230
-42
-447
-435
-423
-144
-368
-135
-567
-189
-491
-251
-532
-569
-208
-125
-664
-349
-272
-348
-392
-143
-508
-631
-403
-672
-556
-285
-512
-496
-265
-565
-446
-72
-75
-268
-566
-469
-327
-391
-162
-450
-563
-155
-353
-120
-366
-335
-688
-618
-606
-511
-456
-597
-358
-577
-280
-433
-163
-503
-265
-629
-518
-139
-465
-223
-159
-408
-632
-592
-654
-597
-229
-117
-501
-107
-408
-393
-666
-211
-593
-612
-691
-705
-484
-231
-130
-313
-153
-271
-694
-346
-215
-121
-342
-420
-348
-476
-424
-245
-260
-557
-508
-615
-453
-275
-691
-748
-346
-636
-532
-134
-450
-471
-432
-594
-405
-644
-302
-697
-619
-568
-295
-279
-619
-739
-226
-657
-401
-292
-503
-735
-456
-228
-171
-683
-547
-323
-500
-564
-350
-729
-606
-478
-563
-211
-461
-428
-327
-625
-560
-634
-375
-723
-363
-509
-292
-212
-355
-394
-765
-641
-673
-739
-195
-610
-700
-396
-365
-371
-811
-418
-209
-585
-674
-480
-231
-340
-799
-823
-790
-442
-617
-461
-593
-367
-748
-621
-424
-528
-709
-262
-543
-628
-524
-347
-673
-665
-573
-501
-567
-246
-486
-567
-513
-532
-383
-298
-485
-371
-377
-250
-381
-323
-402
-696
-658
-491
-795
-785
-802
-853
-274
-266
-444
-458
-248
-384
-330
-635
-503
-534
-757
-320
-866
-421
-744
-613
-647
-655
-724
-379
-581
-684
-669
-868
-628
-425
-567
-426
-486
-597
-586
-357
-483
-449
-689
-900
-627
-795
-395
-325
-603
-614
-805
-470
-626
-446
-895
-909
-287
-294
-803
-443
-710
-842
-595
-707
-513
-387
-334
-488
-721
-477
-930
-586
-501
-877
-410
-928
-508
-541
-402
-385
-708
-714
-321
-860
-607
-866
-768
-639
-642
-902
-843
-893
-557
-699
-823
-604
-440
-662
-526
-819
-893
-678
-571
-522
-359
-461
-608
-632
-548
-456
-461
-903
-419
-777
-752
-584
-532
-929
-937
-862
-699
-709
-970
-950
-396
-547
-687
-479
-800
-756
-520
-439
-378
-580
-907
-497
-939
-524
-597
-962
-499
-522
-993
-489
-665
-782
-379
-762
-982
-941
-810
-938
-582
-616
-741
-621
-406
-968
-1014
-648
-910
-539
-509
-418
-626
-397
-489
-946
-540
-462
-531
-718
-892
-963
-487
-469
-770
-608
-879
-678
-762
-880
-1016
-955
-795
-651
-965
-611
-661
-585
-495
-579
-446
-974
-518
-776
-668
-871
-834
-579
-582
-770
-961
-1006
-551
-944
-1068
-566
-516
-1016
-693
-1043
-483
-508
-498
-768
-532
-558
-1082
-744
-578
-798
-829
-623
-986
-903
-1097
-929
-683
-973
-891
-978
-1085
-509
-1080
-1013
-576
-573
-747
-563
-894
-543
-815
-924
-527
-787
-946
-886
-1035
-680
-907
-841
-750
-574
-501
-546
-815
-598
-1088
-645
-751
-618
-714
-1133
-928
-819
-662
-1137
-1117
-1065
-919
-1115
-830
-939
-697
-892
-589
-646
-1110
-777
-941
-576
-527
-1082
-837
-1094
-555
-1155
-698
-809
-1056
-916
-996
-841
-852
-543
-960
-736
-1057
-641
-948
-1038
-810
-941
-937
-864
-968
-594
-593
-993
-1177
-895
-795
-917
-586
-549
-746
-1188
-1153
-594
-786
-997
-763
-957
-974
-1181
-987
-1046
-1005
-1130
-1024
-698
-673
-983
-586
-927
-909
-777
-917
-959
-1075
-874
-724
-956
-1024
-592
-605
-608
-1050
-1058
-1056
-941
-702
-803
-732
-599
-1017
-1039
-686
-902
-1122
-1070
-860
-804
-607
-1140
-722
-605
-997
-784
-1181
-979
-764
-778
-900
-698
-759
-954
-1037
-1018
-909
-681
-1032
-1061
-1219
-1012
-634
-1147
-1034
-956
-656
-923
-1016
-1037
-1210
-655
-1006
-912
-1154
-1058
-817
-647
-676
-1032
-685
-1068
-697
-677
-1262
-1020
-1129
-982
-1273
-1002
-1102
-878
-1114
-1010
-968
-1053
-882
-850
-1096
-1114
-1184
-1233
-770
-1124
-1131
-926
-947
-1066
-1203
-1245
-1066
-790
-1220
-816
-895
-1229
-1259
-957
-1055
-1112
-1166
-761
-973
-801
-1095
-1151
-807
-824
-1112
-950
-1162
-1178
-1033
-1209
-1012
-883
-1117
-1143
-1289
-1112
-951
-930
-1068
-915
-1253
-1094
-723
-1229
-843
-989
-800
-1130
-1326
-1124
-1106
-1205
-745
-732
-1281
-911
-1349
-1210
-1082
-775
-727
-1308
-1095
-1050
-1231
-1049
-1293
-988
-950
-734
-1150
-868
-807
-1085
-1172
-1052
-1020
-1201
-1239
-1124
-1284
-794
-1040
-1210
-1014
-910
-823
-760
-1135
-1241
-981
-929
-1284
-1293
-1278
-896
-1011
-873
-1124
-863
-919
-1376
-1132
-962
-1248
-1354
-1234
-813
-931
-947
-876
-887
-911
-1126
-1024
-1259
-995
-1410
-1354
-1148
-784
-809
-1117
-1398
-992
-1118
-988
-1356
-1182
-790
-1027
-813
-1088
-1351
-843
-1155
-1027
-922
-1309
-969
-1207
-1046
-1123
-1174
-1365
-1252
-923
-1243
-835
-1313
-1152
-1370
-1053
-1142
-1310
-1239
-930
-866
-1197
-1154
-1447
-1400
-965
-1412
-1252
-1001
-1009
-1459
-1314
-963
-1277
-868
-1155
-1257
-1104
-850
-860
-1263
-951
-1242
-1215
-1257
-841
-905
-950
-1383
-1321
-1124
-1343
-907
-1388
-1030
-1475
-990
-982
-1457
-1302
-1451
-1116
-1049
-1366
-1169
-1096
-1098
-1376
-1337
-1296
-908
-1311
-1248
-1504
-1109
-980
-1464
-1474
-1376
-1363
-1018
-1271
-1262
-981
-1260
-950
-1427
-1400
-979
-1502
-1246
-1030
-899
-951
-1439
-1183
-1244
-1187
-913
-1071
-1431
-1514
-1254
-1433
-1259
-1504
-1298
-1186
-1392
-1160
-1134
-929
-1318
-1097
-1270
-1244
-1109
-980
-1392
-1544
-1198
-1418
-1557
-1286
-1165
-1302
-1262
-1397
-967
-1232
-1320
-1154
-1100
-1399
-1130
-1398
-1183
-1357
-1493
-1234
-1549
-1286
-1381
-1125
-1235
-1320
-1358
-1447
-1356
-1163
-1146
-1539
-1288
-1227
-1433
-1334
-952
-1511
-1438
-1259
-1098
-1517
-1459
-1069
-1398
-1439
-1577
-1602
-1055
-1248
-1189
-1189
-1270
-1138
-1500
-1006
-1270
-1398
-1457
-1470
-1262
-1483
-1427
-1406
-1253
-1163
-1573
-1095
-1108
-1350
-1567
-1214
-1234
-1283
-1425
-1280
-1002
-1352
-1018
-1427
-1411
-1297
-1028
-1078
-1470
-1097
-1325
-1601
-1536
-1350
-1107
-1146
-1613
-1202
-1620
-1302
-1369
-1096
-1035
-1183
-1250
-1274
-1224
-1031
-1313
-1169
-1579
-1154
-1505
-1354
-1095
-1174
-1447
-1114
-1565
-1404
-1422
-1233
-1306
-1419
-1226
-1451
-1114
-1614
-1609
-1634
-1208
-1619
-1132
-1572
-1414
-1126
-1138
-1557
-1365
-1486
-1420
-1219
-1061
-1080
-1135
-1588
-1185
-1676
-1111
-1187
-1219
-1625
-1593
-1123
-1531
-1706
-1088
-1501
-1459
-1395
-1092
-1323
-1520
-1331
-1680
-1405
-1577
-1092
-1290
-1361
-1446
-1336
-1401
-1469
-1635
-1425
-1197
-1292
-1362
-1652
-1636
-1632
-1138
-1202
-1281
-1465
-1527
-1431
-1474
-1537
-1470
-1642
-1641
-1226
-1668
-1294
-1663
-1175
-1427
-1463
-1181
-1479
-1159
-1170
-1654
-1652
-1219
-1424
-1204
-1417
-1659
-1756
-1448
-1588
-1506
-1611
-1237
-1390
-1208
-1683
-1397
-1723
-1529
-1613
-1775
-1484
-1351
-1347
-1181
-1674
-1588
-1163
-1259
-1677
-1696
-1151
-1318
-1621
-1317
-1756
-1620
-1189
-1734
-1694
-1329
-1483
-1592
-1492
-1164
-1576
-1783
-1495
-1237
-1507
-1454
-1723
-1693
-1212
-1362
-1590
-1271
-1755
-1513
-1665
-1548
-1671
-1539
-1742
-1355
-1340
-1799
-1787
-1474
-1675
-1301
-1645
-1692
-1697
-1557
-1381
-1733
-1776
-1580
-1775
-1524
-1769
-1734
-1408
-1396
-1560
-1675
-1688
-1256
-1253
-1707
-1627
-1849
-1786
-1215
-1779
-1428
-1679
-1749
-1505
-1680
-1838
-1423
-1432
-1689
-1565
-1229
-1434
-1535
-1551
-1303
-1239
-1363
-1574
-1594
-1639
-1643
-1275
-1282
-1677
-1306
-1701
-1378
-1450
-1324
-1250
-1311
-1382
-1840
-1532
-1791
-1632
-1266
-1562
-1749
-1798
-1368
-1708
-1445
-1432
-1606
-1731
-1301
-1344
-1857
-1442
-1706
-1458
-1381
-1627
-1751
-1398
-1475
-1350
-1884
-1695
-1396
-1768
-1669
-1512
-1360
-1668
-1629
-1564
-1301
-1635
-1402
-1396
-1609
-1363
-1449
-1866
-1602
-1666
-1702
-1319
-1676
-1877
-1673
-1489
-1807
-1363
-1743
-1604
-1820
-1638
-1637
-1653
-1866
-1692
-1444
-1472
-1323
-1355
-1347
-1445
-1801
-1533
-1397
-1527
-1635
-1611
-1481
-1410
-1363
-1600
-1908
-1740
-1402
-1932
-1521
-1368
-1738
-1879
-1527
-1740
-1684
-1691
-1360
-1933
-1461
-1528
-1598
-1978
-1569
-1714
-1797
-1977
-1531
-1870
-1555
-1431
-1550
-1452
-1988
-1702
-1605
-1691
-1366
-1875
-1878
-1666
-1492
-1672
-1864
-1636
-1888
-1681
-1767
-1890
-1996
-1912
-1894
-1410
-1834
-1826
-1884
-1636
-1581
-1998
-1514
-1890
-2000
-1783
-1788
-1619
-1854
-1514
-2018
-1907
-1836
-1791
-1646
-1863
-2010
-1493
-2032
-1880
-1658
-1583
-1826
-2002
-1706
-1452
-1691
-2029
-1466
-1525
-1979
-1500
-1812
-1487
-2013
-1512
-1750
-1607
-1469
-1800
-1642
-1888
-1708
-1699
-1786
-1984
-1558
-1751
-1990
-1484
-1469
-1823
-1954
-1500
-1627
-1603
-1429
-1598
-1747
-1884
-1766
-1554
-1992
-1526
-1850
-1713
-1497
-2053
-1798
-1728
-1449
-1680
-1974
-1723
-1548
-1776
-1921
-1667
-2033
-1463
-1600
-1896
-1939
-1469
-1702
-1585
-1930
-1939
-1496
-1823
-1736
-1951
-2092
-1947
-1699
-1620
-1910
-1627
-1567
-2075
-1503
-2040
-1844
-1977
-2016
-1612
-2085
-2087
-1503
-1589
-2054
-1643
-1800
-1493
-2042
-2081
-1735
-1877
-1736
-1848
-1881
-1501
-2130
-1938
-1701
-1713
-2100
-1671
-2131
-2058
-1727
-2049
-1901
-1930
-1905
-1963
-1672
-2146
-1603
-1642
-2124
-1551
-1901
-1985
-1977
-2074
-1919
-1667
-1952
-2070
-2022
-1548
-1853
-1600
-2093
-2169
-1855
-2072
-2170
-1555
-1858
-1947
-2043
-2101
-1837
-2148
-1916
-1954
-2041
-1896
-1547
-2028
-1645
-2172
-1813
-2026
-1671
-1925
-1891
-1659
-1760
-2167
-1956
-2177
-1857
-1685
-2075
-1999
-2161
-1843
-2159
-2183
-1645
-1634
-1814
-1970
-1661
-1871
-2098
-2000
-1815
-2105
-1691
-2144
-1650
-2022
-1958
-1769
-2089
-1800
-2046
-1592
-1862
-2219
-1826
-2069
-1987
-2025
-1943
-1791
-1788
-2180
-1760
-1854
-1608
-1599
-2229
-2102
-2130
-1782
-2008
-1903
-1863
-1988
-2035
-1921
-1799
-1959
-2219
-1812
-1830
-2054
-2199
-2124
-2018
-2242
-1683
-2061
-1748
-2000
-2166
-1781
-1841
-1662
-1728
-2193
-2159
-2156
-1975
-1895
-1871
-1814
-2130
-1831
-2063
-1650
-2221
-2152
-1795
-2136
-2020
-2032
-2255
-2145
-1924
-1988
-2055
-1716
-2162
-2131
-1711
-2256
-2063
-2167
-1842
-2213
-1878
-2251
-2242
-1700
-2247
-2280
-1807
-2172
-1703
-2187
-1761
-2030
-2050
-1874
-1806
-2049
-2196
-1800
-1829
-1767
-2311
-1904
-2238
-2080
-2198
-1979
-2270
-1833
-1874
-2185
-1972
-1961
-1993
-1928
-1735
-2182
-2197
-1991
-1751
-2258
-1804
-2260
-1793
-2203
-2065
-2261
-1894
-1830
-2141
-1830
-2268
-1837
-2235
-2141
-2122
-2112
-1823
-1791
-2154
-2344
-2081
-1799
-2084
-2247
-2017
-1799
-2367
-1729
-2044
-2348
-2161
-2103
-1903
-2160
-2231
-2347
-1948
-1770
-1737
-2180
-1939
-2337
-2118
-2065
-2221
-1833
-1942
-2151
-2023
-1785
-2263
-2320
-2307
-2295
-1816
-1889
-1998
-2099
-1898
-1799
-1845
-2196
-1804
-2274
-1983
-2222
-1852
-2010
-1919
-1969
-2298
-2117
-2175
-2164
-2323
-1937
-1905
-1896
-2085
-2290
-1935
-2127
-2384
-2070
-2225
-2174
-1979
-2278
-2210
-2033
-1963
-2106
-2369
-2064
-2292
-2204
-1798
-2269
-1926
-1830
-2150
-2342
-2348
-1891
-2066
-2299
-2000
-2296
-2447
-1993
-2327
-2032
-2082
-1988
-2120
-2371
-1957
-1944
-2446
-2354
-1986
-2003
-2246
-2386
-2313
-2424
-2287
-2458
-2186
-2410
-2359
-2067
-2032
-2199
-1832
-2031
-2390
-2060
-2420
-2306
-2190
-1865
-2350
-2322
-2463
-1928
-2393
-1942
-2282
-2017
-1894
-2192
-2025
-2268
-2193
-1977
-2389
-2079
-2474
-2453
-2324
-2170
-1904
-2231
-2370
-1995
-2094
-2108
-2466
-2371
-2399
-2356
-2312
-2497
-2394
-2044
-2150
-2351
-2195
-2236
-2069
-2218
-1918
-2249
-1897
-1925
-2424
-2009
-2036
-2288
-1938
-2225
-2056
-2215
-2043
-2076
-2462
-2030
-2359
-2266
-2295
-1926
-2164
-2097
-2237
-2446
-2235
-2439
-1960
-2248
-1990
-2358
-1991
-2010
-2480
-2272
-2362
-2229
-2080
-2510
-1982
-2481
-2340
-1962
-2072
-1949
-2234
-2159
-2475
-2391
-1969
-2072
-1931
-1972
-2397
-2133
-2255
-2056
-2026
-2277
-2378
-2430
-1982
-1977
-2064
-2403
-2568
-2416
-2245
-2232
-2115
-2174
-2214
-2549
-2051
-2255
-2262
-2377
-1957
-2310
-2345
-2248
-2499
-2444
-2476
-2538
-2510
-1984
-2276
-2342
-1995
-2272
-2404
-2254
-2203
-2592
-2063
-2209
-2275
-2522
-2286
-2561
-2092
-2315
-2475
-2101
-2508
-2476
-2189
-2475
-2542
-2011
-2260
-2431
-2160
-2421
-2264
-2499
-2358
-2032
-2177
-2625
-2399
-2446
-2463
-2512
-2107
-2643
-2469
-2642
-2075
-2500
-2058
-2352
-2295
-2165
-2438
-2365
-2399
-2566
-2418
-2600
-2333
-2186
-2096
-2621
-2228
-2602
-2329
-2257
-2488
-2532
-2638
-2298
-2532
-2285
-2512
-2532
-2154
-2292
-2191
-2158
-2105
-2594
-2634
-2329
-2284
-2289
-2638
-2154
-2306
-2563
-2423
-2652
-2359
-2281
-2401
-2303
-2115
-2330
-2404
-2131
-2551
-2365
-2198
-2325
-2534
-2124
-2160
-2338
-2547
-2086
-2416
-2698
-2151
-2176
-2169
-2337
-2315
-2361
-2683
-2079
-2591
-2286
-2206
-2252
-2608
-2370
-2581
-2688
-2447
-2383
-2657
-2584
-2121
-2153
-2705
-2615
-2537
-2420
-2579
-2510
-2117
-2559
-2634
-2223
-2225
-2474
-2592
-2652
-2287
-2308
-2601
-2484
-2732
-2433
-2558
-2359
-2116
-2488
-2563
-2408
-2504
-2680
-2756
-2408
-2155
-2743
-2589
-2247
-2354
-2380
-2495
-2276
-2226
-2429
-2330
-2751
-2180
-2756
-2546
-2420
-2195
-2697
-2270
-2161
-2269
-2764
-2624
-2547
-2484
-2526
-2378
-2233
-2744
-2435
-2482
-2638
-2308
-2417
-2693
-2330
-2772
-2253
-2401
-2313
-2723
-2437
-2603
-2265
-2325
-2504
-2551
-2231
-2172
-2182
-2178
-2447
-2408
-2461
-2605
-2707
-2475
-2600
-2670
-2504
-2235
-2210
-2585
-2459
-2390
-2199
-2320
-2354
-2770
-2795
-2274
-2595
-2839
-2379
-2308
-2826
-2588
-2275
-2765
-2351
-2737
-2807
-2623
-2313
-2624
-2471
-2801
-2495
-2458
-2441
-2305
-2457
-2847
-2365
-2234
-2638
-2617
-2535
-2661
-2582
-2576
-2695
-2818
-2672
-2344
-2711
-2732
-2361
-2496
-2285
-2551
-2284
-2304
-2449
-2778
-2621
-2571
-2677
-2291
-2445
-2862
-2614
-2256
-2843
-2781
-2692
-2355
-2404
-2554
-2524
-2336
-2332
-2377
-2460
-2874
-2396
-2750
-2661
-2649
-2356
-2806
-2552
-2844
-2685
-2901
-2520
-2487
-2283
-2329
-2694
-2670
-2683
-2497
-2449
-2895
-2718
-2908
-2523
-2723
-2573
-2503
-2702
-2408
-2692
-2680
-2908
-2685
-2296
-2373
-2738
-2782
-2825
-2643
-2686
-2728
-2332
-2569
-2493
-2833
-2876
-2897
-2798
-2697
-2595
-2535
-2705
-2551
-2944
-2419
-2929
-2830
-2679
-2575
-2399
-2675
-2728
-2326
-2670
-2595
-2862
-2751
-2708
-2413
-2483
-2960
-2784
-2882
-2521
-2859
-2847
-2423
-2536
-2951
-2593
-2709
-2421
-2666
-2794
-2681
-2952
-2819
-2837
-2965
-2729
-2518
-2647
-2446
-2979
-2709
-2579
-2396
-2663
-2802
-2620
-2702
-2984
-2573
-2799
-2729
-2443
-2514
-2978
-2642
-2553
-2544
-2470
-2553
-2436
-2459
-2759
-2512
-2477
-2423
-2818
-2577
-2676
-2631
-2779
-2845
-2844
-2662
-2789
-2899
-2721
-2743
-2676
-2574
-2992
-2786
-2891
-2631
-2679
-2575
-2615
-2640
-2547
-2782
-2428
-2879
-2412
-2602
-2735
-2871
-2524
-2693
-2762
-2688
-2803
-2862
-2441
-2984
-2974
-2824
-2809
-2544
-2962
-2456
-2848
-2549
-2921
-3066
-2517
-2993
-2844
-2841
-2436
-2510
-2711
-2510
-2550
-3040
-3020
-2872
-2750
-2799
-2762
-2895
-2739
-2866
-2595
-2715
-2815
-2929
-3064
-2725
-2806
-2892
-2683
-2622
-2619
-2741
-3004
-2657
-2935
-3040
-2606
-2802
-2627
-2698
-2633
-2745
-2843
-2785
-2750
-2732
-2572
-2729
-2564
-2538
-2696
-2833
-3030
-2656
-2886
-2857
-2641
-2492
-2756
-2658
-2789
-2979
-2863
-3044
-3026
-2875
-2629
-2571
-2587
-2672
-3094
-2629
-2968
-3136
-3085
-2745
-2948
-2989
-2561
-2856
-2532
-2957
-2600
-2979
-2778
-2773
-2846
-2956
-2773
-2788
-2809
-3008
-3004
-2949
-2647
-2687
-3095
-2641
-3131
-3082
-2618
-2638
-3088
-2892
-2735
-2717
-2741
-2868
-2973
-3161
-2735
-2604
-2931
-3027
-3037
-2991
-2672
-2651
-2909
-2579
-2649
-3143
-2629
-3157
-3113
-2894
-2554
-2730
-3027
-3180
-2737
-2924
-2956
-2985
-2682
-2581
-2593
-3074
-2837
-2711
-2914
-3129
-2703
-3058
-3122
-2820
-2699
-2580
-3012
-2882
-3122
-3098
-2963
-3043
-2653
-3007
-3059
-3069
-2865
-2976
-2796
-2730
-2796
-3144
-2921
-3185
-3068
-2840
-2751
-2646
-2678
-2666
-2719
-2724
-3039
-3209
-2726
-2849
-2626
-2682
-3137
-2945
-3066
-3170
-3238
-2960
-3123
-2702
-2696
-2886
-2762
-2655
-2890
-2764
-2747
-3047
-2724
-2921
-3233
-3002
-2774
-3181
-2943
-2714
-2803
-2689
-2801
-2729
-3169
-2725
-3205
-2850
-2653
-3031
-2786
-3276
-3245
-3232
-2843
-2717
-2912
-3030
-3163
-2683
-2814
-2940
-2962
-2846
-2824
-3106
-3016
-3272
-3139
-3062
-2869
-2790
-3059
-2851
-2730
-3153
-2959
-2825
-2725
-2806
-2955
-3055
-2906
-3239
-2771
-2888
-3267
-2806
-2715
-3149
-3125
-2992
-3294
-3159
-3145
-3037
-3221
-2773
-3219
-2895
-2800
-3322
-3180
-3194
-3063
-2701
-3186
-3022
-2847
-3134
-2941
-3171
-2896
-3036
-3233
-3178
-3013
-2824
-3295
-2936
-2802
-3100
-3093
-2853
-3036
-3187
-2954
-2928
-3355
-3106
-2720
-3038
-3353
-3152
-3318
-2866
-3148
-3164
-2879
-2731
-2998
-2936
-3143
-3044
-3007
-2881
-2921
-3018
-2993
-3013
-3076
-3099
-3083
-3141
-3095
-3250
-2895
-3367
-3011
-3214
-3338
-3060
-3188
-3157
-3085
-3256
-3309
-3021
-3214
-2804
-2879
-3022
-2903
-2909
-2866
-3155
-3390
-3112
-2814
-3396
-3308
-3350
-2836
-3093
-3305
-3337
-3384
-3332
-2901
-3045
-2885
-3168
-2966
-3115
-3160
-3242
-2910
-3074
-3133
-3384
-3282
-3034
-3162
-3138
-3193
-3357
-3102
-3226
-3418
-3396
-2884
-3326
-3091
-3234
-3433
-3375
-3229
-3031
-3231
-3237
-3028
-3372
-3065
-2984
-3197
-2877
-2813
-3270
-3069
-2819
-3027
-2901
-3353
-3402
-3026
-2887
-3356
-3437
-3450
-3052
-2912
-3226
-3060
-3297
-3144
-2917
-2843
-3010
-2935
-3230
-3275
-2873
-3410
-3404
-3024
-3260
-3386
-3083
-3202
-2935
-3147
-3070
-3330
-3055
-3047
-2898
-3442
-3146
-3171
-3105
-3393
-3253
-2979
-3381
-3115
-2904
-3212
-3454
-3294
-2987
-3455
-3129
-3088
-3000
-3077
-3294
-3311
-2945
-3384
-3092
-3240
-3127
-3269
-3397
-3021
-3285
-3393
-3305
-2916
-2958
-3137
-3029
-3483
-3016
-3091
-2994
-2953
-3295
-3185
-3259
-3116
-3393
-3206
-3349
-3263
-3197
-3093
-3498
-3022
-3277
-3478
-3333
-3393
-3113
-3289
-3529
-3413
-3239
-3263
-3124
-3296
-2939
-3344
-3274
-3264
-2945
-3289
-3319
-3454
-3251
-3045
-3373
-3487
-3257
-2990
-3537
-3339
-3143
-3430
-3378
-3157
-3144
-3385
-3032
-3584
-3069
-3042
-3372
-3403
-3510
-3572
-3225
-3279
-3432
-3030
-3581
-3418
-3465
-3126
-2969
-3322
-3559
-3032
-2989
-3362
-3315
-2963
-3104
-3605
-3549
-2978
-3089
-3115
-3324
-3325
-3585
-3317
-3321
-3042
-3592
-3141
-3443
-3125
-3166
-3087
-2988
-3390
-3290
-3171
-3029
-3387
-3108
-3357
-3414
-3502
-3616
-3247
-3390
-3607
-3394
-3600
-3368
-3081
-3076
-3361
-3488
-3485
-3512
-3459
-3605
-3273
-3043
-3149
-3648
-3487
-3582
-3422
-3301
-3389
-3150
-3244
-3045
-3160
-3235
-3031
-3181
-3476
-3080
-3096
-3658
-3051
-3123
-3077
-3481
-3574
-3060
-3419
-3370
-3336
-3070
-3555
-3503
-3109
-3587
-3333
-3313
-3648
-3458
-3617
-3339
-3361
-3454
-3381
-3564
-3488
-3404
-3311
-3407
-3261
-3084
-3395
-3631
-3141
-3125
-3331
-3428
-3371
-3652
-3699
-3147
-3323
-3549
-3700
-3409
-3403
-3187
-3716
-3131
-3158
-3167
-3356
-3137
-3441
-3167
-3531
-3093
-3594
-3319
-3662
-3681
-3462
-3143
-3496
-3149
-3721
-3252
-3109
-3460
-3512
-3544
-3098
-3522
-3286
-3390
-3609
-3293
-3316
-3396
-3420
-3159
-3196
-3187
-3669
-3392
-3427
-3566
-3422
-3537
-3253
-3430
-3759
-3666
-3655
-3451
-3686
-3626
-3274
-3529
-3142
-3161
-3141
-3182
-3213
-3353
-3522
-3705
-3652
-3484
-3323
-3246
-3419
-3380
-3749
-3502
-3447
-3740
-3589
-3722
-3230
-3303
-3557
-3542
-3423
-3242
-3489
-3342
-3200
-3605
-3308
-3462
-3199
-3372
-3260
-3290
-3370
-3413
-3771
-3244
-3325
-3508
-3441
-3234
-3408
-3618
-3488
-3459
-3684
-3732
-3396
-3688
-3293
-3516
-3727
-3790
-3216
-3505
-3726
-3426
-3408
-3634
-3791
-3323
-3633
-3734
-3459
-3786
-3222
-3552
-3424
-3596
-3812
-3768
-3282
-3464
-3311
-3285
-3802
-3735
-3595
-3500
-3779
-3814
-3848
-3717
-3263
-3303
-3726
-3561
-3283
-3329
-3374
-3423
-3772
-3554
-3228
-3828
-3629
-3812
-3678
-3415
-3337
-3603
-3870
-3710
-3685
-3690
-3700
-3431
-3288
-3328
-3657
-3268
-3581
-3296
-3616
-3814
-3828
-3669
-3788
-3335
-3563
-3357
-3472
-3768
-3283
-3629
-3499
-3526
-3326
-3416
-3822
-3676
-3597
-3436
-3442
-3576
-3553
-3847
-3853
-3800
-3712
-3378
-3316
-3396
-3845
-3641
-3518
-3832
-3353
-3715
-3598
-3315
-3529
-3424
-3405
-3761
-3792
-3675
-3857
-3675
-3864
-3754
-3345
-3674
-3386
-3574
-3599
-3509
-3548
-3308
-3562
-3518
-3739
-3521
-3437
-3597
-3760
-3631
-3696
-3791
-3448
-3820
-3391
-3502
-3749
-3922
-3915
-3506
-3487
-3460
-3885
-3435
-3588
-3397
-3635
-3697
-3552
-3808
-3901
-3422
-3755
-3693
-3362
-3563
-3707
-3701
-3612
-3868
-3645
-3389
-3954
-3708
-3748
-3633
-3948
-3634
-3971
-3646
-3913
-3831
-3425
-3701
-3988
-3780
-3536
-3691
-3979
-3366
-3735
-3721
-3402
-3752
-3552
-4001
-3362
-3862
-3845
-3531
-3748
-3916
-3832
-3624
-3875
-3683
-3663
-3692
-3419
-3836
-3520
-3577
-3583
-3447
-3688
-3962
-3960
-3533
-3899
-3571
-3477
-3671
-3992
-3400
-3980
-3454
-3454
-3818
-3921
-3782
-3870
-3427
-3670
-3545
-3544
-3507
-3617
-3821
-3905
-3573
-3557
-3862
-3523
-3589
-3482
-3755
-3575
-3659
-3722
-3829
-3516
-4012
-3770
-3444
-3633
-3510
-3461
-3675
-3615
-3548
-3517
-3923
-3760
-3555
-3996
-3521
-3465
-3802
-3952
-3962
-3509
-3883
-3485
-3919
-3720
-3664
-3628
-3883
-4064
-3461
-3547
-4071
-3989
-3890
-3449
-4055
-3803
-3880
-4029
-3772
-4014
-3707
-3568
-3625
-3700
-3692
-3528
-3796
-3854
-3712
-3675
-3859
-3921
-3526
-3558
-3975
-4055
-3932
-3873
-3955
-3955
-3867
-4076
-4110
-3773
-3664
-3523
-3773
-3723
-3670
-4000
-3519
-3686
-3620
-3986
-3652
-3766
-3716
-3503
-3905
-3944
-4038
-3922
-4046
-3862
-3809
-3530
-3535
-4120
-3572
-3516
-4037
-3657
-3952
-3541
-3787
-4128
-3802
-4007
-3965
-3576
-3777
-3846
-3571
-3897
-3935
-3587
-4044
-3572
-4042
-3884
-4061
-3876
-3757
-3656
-4148
-3712
-3816
-3780
-4061
-3722
-3597
-3913
-3713
-3791
-3926
-3962
-4037
-4054
-3567
-3560
-4116
-3687
-3575
-3833
-3747
-3686
-3933
-3983
-3676
-3632
-3798
-3566
-3685
-3563
-4164
-3642
-3881
-4186
-3806
-3997
-3932
-3893
-3643
-4200
-3653
-4180
-3914
-3668
-3946
-3983
-3991
-3672
-4178
-3871
-3858
-3729
-4160
-3858
-3813
-4157
-3659
-3847
-3711
-3922
-3708
-4225
-3719
-4199
-4202
-4066
-4106
-4091
-3990
-3828
-4125
-3847
-4245
-3902
-4128
-4146
-3771
-3640
-3841
-3773
-3859
-3896
-3845
-3657
-4049
-3698
-3646
-3758
-4256
-3982
-4084
-4040
-3674
-3888
-3763
-3830
-4027
-4181
-4237
-3830
-3971
-3981
-3972
-3786
-3977
-3833
-3937
-3735
-3869
-3983
-3738
-3696
-3764
-3931
-4224
-3738
-3753
-4285
-3833
-4264
-4252
-4238
-3873
-3662
-3656
-4277
-3960
-4251
-4152
-4195
-4265
-4227
-4114
-4245
-4219
-3718
-3993
-3697
-3725
-3769
-3908
-3909
-4134
-4023
-4212
-3684
-4138
-4085
-3954
-4073
-4053
-4210
-4018
-4209
-3734
-3848
-3911
-3847
-4144
-4004
-4108
-3708
-4119
-4103
-3987
-4011
-4215
-4264
-4313
-3897
-3827
-3951
-4160
-3727
-4315
-3948
-4246
-3740
-3776
-4237
-3766
-3992
-4055
-3787
-4031
-4065
-3736
-4191
-3782
-4106
-4316
-4005
-4022
-4342
-4185
-4217
-4233
-4240
-4085
-4118
-4071
-4259
-4350
-4360
-3983
-3973
-3838
-4161
-3825
-4377
-4271
-4166
-3848
-4063
-4357
-4382
-3780
-4183
-4115
-3831
-3835
-4125
-4031
-3949
-3898
-3921
-4225
-3929
-4168
-3900
-3914
-4139
-4107
-3951
-4015
-4370
-4068
-4290
-3843
-4141
-3802
-3824
-4157
-4124
-3839
-4315
-3888
-4202
-4332
-3966
-4070
-4027
-3988
-4360
-4154
-4052
-4294
-3951
-3914
-4022
-4183
-3866
-4251
-4010
-4286
-3872
-3839
-3942
-4256
-4077
-4096
-3942
-4128
-4294
-3959
-4299
-4398
-4288
-4110
-4253
-3958
-4050
-4392
-4029
-4058
-4295
-3854
-3936
-4455
-4424
-4326
-4204
-3986
-4268
-4412
-4175
-4180
-4316
-3835
-3916
-3992
-4359
-4017
-4200
-4374
-4006
-3844
-3849
-4053
-4373
-4357
-3986
-4262
-3880
-3864
-4151
-3887
-4139
-4468
-4450
-4276
-4087
-4127
-4324
-3986
-4326
-4252
-4405
-3994
-4150
-4255
-4421
-4246
-4475
-4195
-4090
-4343
-4033
-4270
-4411
-4085
-4258
-4269
-4137
-3953
-4175
-4472
-4062
-4250
-4365
-4319
-3900
-4112
-4010
-4262
-4302
-4451
-4180
-4228
-4315
-4474
-4172
-4496
-4479
-4447
-4385
-4230
-4419
-3982
-4203
-4364
-3906
-4253
-4417
-3984
-4219
-4029
-4233
-3993
-4172
-4349
-4455
-4495
-4041
-4183
-4265
-4243
-4026
-3964
-3986
-4239
-4417
-4520
-3957
-4244
-4317
-3986
-4263
-4122
-3929
-4115
-4431
-4340
-4277
-4313
-4000
-4020
-4467
-4233
-4124
-4428
-4263
-4069
-4127
-4308
-4544
-4388
-4129
-4410
-4455
-4410
-4485
-4569
-4341
-4458
-4500
-4589
-4347
-3978
-4533
-4504
-4264
-4249
-4513
-4229
-3978
-4459
-4494
-4057
-4423
-4129
-4388
-4064
-4474
-4036
-4278
-4470
-4071
-4421
-4142
-3984
-4489
-4609
-4328
-4360
-4147
-4392
-4374
-4089
-4076
-4319
-4497
-4397
-4375
-4356
-4379
-4558
-4428
-4124
-4022
-4209
-4075
-4021
-4301
-4058
-4128
-4413
-4351
-4320
-4578
-4144
-4563
-4389
-4649
-4226
-4294
-4217
-4530
-4597
-4440
-4397
-4374
-4124
-4657
-4547
-4082
-4125
-4206
-4372
-4358
-4271
-4425
-4185
-4174
-4557
-4301
-4382
-4386
-4188
-4529
-4405
-4410
-4435
-4269
-4425
-4680
-4539
-4283
-4459
-4504
-4148
-4616
-4429
-4300
-4306
-4179
-4187
-4402
-4250
-4117
-4564
-4435
-4436
-4451
-4349
-4223
-4362
-4621
-4637
-4359
-4414
-4459
-4206
-4234
-4536
-4595
-4316
-4645
-4203
-4145
-4328
-4363
-4084
-4145
-4651
-4440
-4694
-4611
-4459
-4218
-4188
-4531
-4285
-4256
-4489
-4653
-4547
-4136
-4334
-4429
-4516
-4341
-4113
-4567
-4582
-4339
-4464
-4145
-4749
-4446
-4239
-4541
-4121
-4653
-4128
-4655
-4686
-4609
-4179
-4663
-4635
-4281
-4327
-4622
-4493
-4592
-4134
-4345
-4768
-4579
-4405
-4576
-4481
-4207
-4180
-4307
-4711
-4337
-4344
-4345
-4321
-4213
-4310
-4623
-4649
-4709
-4161
-4367
-4288
-4266
-4766
-4644
-4685
-4293
-4662
-4541
-4255
-4530
-4444
-4259
-4681
-4745
-4776
-4684
-4758
-4621
-4313
-4701
-4369
-4529
-4701
-4610
-4252
-4338
-4493
-4282
-4802
-4304
-4656
-4407
-4244
-4258
-4534
-4668
-4368
-4311
-4317
-4687
-4808
-4548
-4520
-4690
-4817
-4439
-4449
-4742
-4253
-4636
-4378
-4201
-4326
-4767
-4597
-4733
-4496
-4825
-4238
-4610
-4772
-4513
-4477
-4715
-4614
-4527
-4489
-4419
-4456
-4675
-4544
-4477
-4410
-4553
-4565
-4412
-4756
-4279
-4801
-4388
-4553
-4430
-4353
-4450
-4341
-4242
-4325
-4697
-4624
-4786
-4266
-4688
-4349
-4805
-4482
-4634
-4825
-4807
-4531
-4604
-4296
-4362
-4439
-4287
-4626
-4472
-4782
-4276
-4366
-4740
-4419
-4846
-4746
-4890
-4690
-4380
-4487
-4596
-4592
-4311
-4762
-4575
-4572
-4482
-4302
-4835
-4803
-4658
-4319
-4479
-4568
-4418
-4443
-4741
-4537
-4490
-4914
-4648
-4459
-4476
-4454
-4806
-4605
-4861
-4600
-4727
-4726
-4616
-4779
-4325
-4916
-4420
-4483
-4535
-4526
-4854
-4810
-4768
-4832
-4661
-4738
-4421
-4673
-4712
-4780
-4366
-4467
-4520
-4592
-4569
-4492
-4664
-4748
-4860
-4960
-4502
-4861
-4858
-4412
-4329
-4419
-4757
-4841
-4863
-4859
-4910
-4870
-4356
-4802
-4853
-4864
-4453
-4967
-4978
-4880
-4500
-4902
-4605
-4667
-4626
-4901
-4978
-4361
-4838
-4864
-4464
-4980
-4488
-4691
-4534
-4958
-4907
-4424
-4380
-4761
-4939
-4427
-4725
-4999
-4824
-4898
-4984
-4871
-4656
-4808
-4823
-5008
-4383
-4824
-4850
-4948
-4918
-4891
-4791
-4630
-4873
-4835
-4931
-4408
-4587
-4442
-4974
-4789
-4500
-5032
-4950
-4829
-4888
-4464
-4839
-4779
-4709
-4879
-4694
-4811
-4534
-4942
-4850
-4730
-4473
-4485
-4549
-4960
-4436
-4649
-5010
-4858
-4871
-4836
-4513
-4475
-4740
-4666
-4871
-4926
-4433
-4945
-4885
-4510
-4782
-5045
-4474
-5024
-4668
-4761
-4632
-4708
-4504
-4761
-4570
-4554
-4641
-4596
-4579
-5023
-4688
-4934
-5024
-4862
-5000
-4578
-4822
-4755
-4658
-4988
-4551
-4906
-4719
-4791
-4964
-4680
-4833
-4524
-4575
-5054
-4848
-5037
-4510
-4950
-4914
-4678
-4518
-4586
-4509
-4720
-4674
-4706
-4545
-4818
-4676
-4643
-4570
-4590
-4677
-5053
-5105
-4855
-4962
-4762
-4867
-5119
-5082
-4615
-4554
-5030
-5021
-4910
-4499
-5029
-4499
-5141
-4673
-4973
-4987
-4904
-4687
-4905
-4508
-5029
-4513
-4544
-4736
-4767
-4729
-5128
-5064
-4549
-5129
-4531
-4930
-4672
-5158
-4730
-4561
-5036
-4882
-4853
-5064
-4583
-4727
-4601
-5123
-4903
-4748
-4659
-4961
-5005
-4608
-4856
-4619
-4907
-5174
-4929
-4602
-4795
-5052
-4728
-4984
-5085
-4648
-4817
-5034
-4986
-4711
-5082
-5011
-5069
-4772
-5095
-4898
-4620
-4834
-4742
-4934
-4937
-4689
-4983
-5015
-5105
-4982
-4957
-5110
-5124
-4829
-4991
-4652
-4887
-4987
-4912
-5057
-5173
-4669
-4691
-5018
-4768
-4692
-4827
-5094
-4883
-5152
-5049
-5185
-5086
-5003
-4935
-4986
-5126
-4760
-4800
-4709
-5082
-4682
-4756
-4754
-4809
-4893
-4605
-4767
-5060
-4779
-5207
-4967
-4787
-4617
-5111
-5090
-4770
-4763
-4975
-4887
-5043
-4798
-4742
-5171
-4960
-5168
-4625
-5220
-5200
-5192
-5019
-4867
-5158
-5221
-5113
-4887
-4893
-5132
-4925
-4927
-5157
-4661
-4673
-5220
-4686
-4670
-4938
-5198
-4650
-5187
-5125
-4705
-4905
-4663
-4997
-4665
-4680
-4846
-4806
-5164
-4994
-5006
-4916
-4679
-4845
-4960
-5120
-5051
-5133
-5250
-5251
-5270
-5219
-4792
-4865
-5308
-5305
-4796
-5265
-4938
-5264
-4688
-5039
-5008
-5131
-4936
-5287
-4745
-5112
-5227
-5305
-4884
-5215
-4767
-5164
-4877
-5212
-4869
-5313
-5172
-4930
-4706
-4766
-5162
-5041
-5176
-4733
-5246
-5343
-5210
-4767
-4828
-5242
-4927
-5285
-5001
-5126
-4918
-5349
-5089
-4790
-4810
-5283
-5165
-5160
-4782
-5124
-5060
-4732
-5232
-5188
-5285
-5289
-5062
-5283
-4837
-4749
-5199
-4999
-4850
-4864
-5153
-5298
-5007
-5250
-4849
-4801
-4770
-5335
-5304
-4832
-4953
-4837
-5263
-4813
-4844
-4878
-4955
-4939
-5280
-5132
-5370
-4948
-5022
-4791
-5100
-5087
-5141
-5123
-4844
-4916
-5149
-5158
-4975
-5317
-5377
-5142
-4900
-4874
-5101
-5421
-5309
-5117
-5113
-4932
-5153
-5331
-4803
-4858
-5353
-5429
-4957
-4994
-5291
-5065
-5117
-5223
-4842
-4944
-5041
-5397
-5030
-5293
-5153
-4922
-4997
-5283
-5278
-5062
-5373
-4969
-5081
-4994
-5089
-4871
-5378
-5342
-4915
-5350
-5219
-5179
-5432
-5276
-5155
-5114
-5391
-5282
-5181
-5057
-5291
-5252
-5142
-5179
-4845
-5040
-5237
-5391
-5122
-5373
-4983
-5298
-5272
-4925
-5410
-5456
-5347
-5342
-5424
-5184
-5172
-4984
-5072
-5339
-5007
-5226
-5074
-5116
-5187
-4950
-4998
-5203
-4971
-5129
-5216
-5312
-5219
-4885
-5399
-5013
-4955
-5415
-5148
-4921
-5229
-5034
-5488
-5172
-5433
-5274
-5205
-4948
-5097
-5411
-5514
-5484
-5383
-5054
-4973
-5048
-5357
-5182
-5166
-5098
-5037
-5362
-5318
-5152
-5526
-5326
-5301
-5055
-5430
-5009
-5148
-5356
-5423
-5065
-5539
-5488
-4945
-5319
-5511
-5142
-5056
-5440
-5315
-5347
-5308
-5126
-5331
-5021
-5324
-4927
-4943
-5133
-5064
-4965
-5431
-5334
-4960
-5091
-5481
-5470
-4985
-5198
-5409
-5006
-5440
-4961
-4957
-5415
-5182
-5318
-4993
-5115
-5476
-5219
-5163
-5190
-5225
-5084
-5475
-5577
-5504
-5512
-5203
-5556
-5178
-5428
-5262
-5279
-5327
-5337
-5272
-5523
-5342
-5004
-5412
-5074
-5502
-5106
-5538
-5036
-5215
-5491
-5206
-5463
-5004
-5068
-5181
-5208
-5106
-5063
-5285
-5381
-5562
-4988
-5053
-5623
-5301
-5344
-5329
-5451
-5530
-5361
-5502
-5545
-5217
-5426
-5526
-5180
-5507
-5621
-5507
-5376
-5181
-5108
-5056
-5435
-5152
-5304
-5291
-5393
-5654
-5354
-5512
-5313
-5077
-5192
-5073
-5447
-5624
-5107
-5093
-5418
-5400
-5226
-5216
-5505
-5610
-5215
-5318
-5245
-5530
-5242
-5218
-5337
-5654
-5503
-5609
-5606
-5127
-5596
-5302
-5515
-5413
-5314
-5566
-5404
-5255
-5564
-5681
-5132
-5527
-5159
-5058
-5302
-5466
-5065
-5105
-5588
-5133
-5578
-5279
-5399
-5425
-5643
-5151
-5634
-5105
-5396
-5423
-5592
-5082
-5079
-5165
-5700
-5423
-5696
-5297
-5131
-5392
-5086
-5132
-5497
-5152
-5543
-5551
-5574
-5558
-5106
-5568
-5414
-5204
-5190
-5362
-5220
-5193
-5227
-5516
-5710
-5673
-5188
-5671
-5649
-5513
-5461
-5566
-5239
-5469
-5363
-5716
-5328
-5520
-5723
-5558
-5152
-5308
-5343
-5433
-5697
-5240
-5752
-5161
-5488
-5145
-5251
-5134
-5191
-5691
-5249
-5413
-5247
-5589
-5303
-5248
-5710
-5440
-5768
-5391
-5251
-5204
-5200
-5637
-5354
-5730
-5668
-5663
-5304
-5624
-5341
-5281
-5719
-5198
-5619
-5260
-5497
-5290
-5671
-5372
-5788
-5385
-5499
-5365
-5337
-5216
-5607
-5427
-5574
-5589
-5467
-5477
-5549
-5235
-5353
-5570
-5808
-5345
-5219
-5474
-5780
-5599
-5736
-5203
-5585
-5594
-5281
-5751
-5572
-5239
-5336
-5301
-5814
-5776
-5672
-5790
-5554
-5333
-5277
-5485
-5355
-5786
-5421
-5529
-5218
-5564
-5670
-5266
-5459
-5680
-5373
-5624
-5671
-5548
-5561
-5427
-5810
-5430
-5496
-5860
-5499
-5597
-5604
-5263
-5856
-5537
-5657
-5624
-5624
-5811
-5242
-5854
-5429
-5804
-5830
-5456
-5808
-5805
-5665
-5487
-5302
-5621
-5564
-5606
-5590
-5871
-5586
-5299
-5310
-5714
-5592
-5382
-5474
-5329
-5843
-5658
-5514
-5334
-5570
-5778
-5536
-5562
-5436
-5807
-5631
-5654
-5276
-5549
-5560
-5339
-5379
-5583
-5527
-5319
-5340
-5317
-5720
-5651
-5713
-5861
-5582
-5886
-5911
-5832
-5436
-5301
-5820
-5520
-5798
-5852
-5440
-5706
-5838
-5642
-5804
-5463
-5412
-5486
-5641
-5472
-5475
-5321
-5750
-5743
-5741
-5726
-5361
-5794
-5620
-5600
-5900
-5879
-5939
-5453
-5578
-5706
-5340
-5438
-5732
-5850
-5491
-5856
-5857
-5799
-5687
-5377
-5584
-5930
-5963
-5909
-5577
-5799
-5778
-5729
-5830
-5414
-5847
-5795
-5658
-5878
-5514
-5963
-5880
-5834
-5643
-5768
-5344
-5699
-5490
-5856
-5927
-5481
-5444
-5656
-5632
-5553
-5948
-5820
-5374
-5689
-5543
-5865
-5646
-5561
-5592
-5551
-5950
-5806
-5586
-5905
-5506
-5753
-5705
-5648
-5886
-5763
-5997
-5542
-5590
-5870
-5835
-5723
-5947
-5664
-5601
-5417
-5949
-5541
-5399
-5839
-5458
-5499
-5578
-5931
-5991
-5405
-5538
-5987
-5421
-5570
-5457
-5827
-5435
-5927
-5519
-5857
-6016
-5581
-5415
-5777
-5691
-5771
-5814
-5999
-5603
-5723
-5785
-5757
-5597
-5730
-5986
-5551
-5820
-5720
-5885
-5811
-5467
-5650
-5726
-5620
-5781
-5516
-5941
-5842
-5530
-5692
-5947
-6059
-5616
-5505
-5679
-5616
-5965
-5585
-5644
-5531
-5901
-5938
-5523
-5898
-5801
-5664
-6074
-5796
-5552
-5920
-5473
-5626
-5738
-5679
-5743
-5954
-5727
-5628
-5754
-5787
-5936
-5641
-5755
-6035
-5901
-5901
-5648
-5798
-5933
-5823
-5619
-6055
-5718
-5532
-5504
-6009
-6092
-5623
-5906
-5986
-6098
-5897
-5704
-6081
-6117
-5600
-5830
-5852
-5947
-5824
-5644
-5692
-5799
-5771
-5538
-5759
-5849
-5859
-5712
-5562
-5679
-5962
-5571
-5587
-5530
-5717
-6013
-5678
-6139
-6007
-5779
-6065
-5681
-5741
-5579
-6158
-5889
-6118
-5575
-5738
-5884
-5743
-5620
-5641
-5894
-6000
-5899
-5708
-6136
-6167
-5543
-5780
-6086
-5920
-6150
-5728
-5622
-5801
-5937
-6060
-5573
-5696
-6130
-5690
-5649
-5765
-6183
-5994
-5652
-5731
-6084
-5964
-5949
-6032
-6110
-6158
-5954
-6100
-5622
-6022
-6055
-6135
-5612
-6103
-6206
-5778
-6141
-5826
-5654
-5710
-5686
-5663
-5924
-6062
-6140
-5758
-5622
-5646
-6086
-5948
-6185
-6191
-5955
-5698
-5751
-5659
-5951
-6168
-6050
-6098
-5822
-5798
-6226
-5946
-5898
-5881
-6200
-5778
-5764
-5924
-5817
-5997
-6145
-5857
-5845
-6200
-5913
-6056
-5708
-5824
-6252
-5877
-5822
-5963
-5954
-5640
-5986
-6046
-6174
-6184
-6207
-5958
-5836
-6064
-5656
-5961
-6255
-6252
-5970
-6249
-6017
-5920
-6032
-5684
-5700
-6089
-5662
-5733
-5773
-6182
-6235
-6140
-6013
-5649
-5731
-5829
-5738
-5943
-5883
-6264
-5762
-5837
-5900
-5733
-6206
-5743
-6188
-6137
-5968
-6113
-5832
-6166
-5858
-6074
-6292
-6102
-6253
-5745
-5937
-5963
-6165
-5805
-6271
-5963
-5820
-5885
-6177
-6026
-6290
-5933
-6178
-5694
-6294
-5771
-6143
-5948
-5937
-6244
-5913
-5861
-6131
-5915
-5982
-5743
-5992
-6269
-5864
-5933
-6019
-5878
-5781
-6136
-5988
-5894
-6344
-6337
-6098
-6012
-6120
-5839
-5936
-5854
-6075
-6242
-6043
-6299
-6216
-6053
-6284
-5728
-6172
-6238
-6083
-5801
-6186
-6145
-5776
-6030
-5816
-5817
-6234
-6141
-6284
-5849
-5845
-5744
-6180
-6011
-5998
-5952
-6120
-6275
-5814
-6027
-6191
-5912
-6189
-5872
-5786
-6376
-6198
-6342
-6255
-5830
-6221
-5920
-5892
-6074
-6136
-5777
-6030
-5803
-6390
-6053
-6223
-6114
-6310
-5858
-6364
-5856
-6339
-6190
-6309
-6282
-6414
-5965
-6309
-5984
-6302
-6385
-5914
-5787
-6032
-6344
-6204
-6297
-6268
-6266
-6223
-6102
-6314
-6152
-6366
-5845
-5894
-6117
-6438
-6268
-5941
-6414
-6059
-6125
-6285
-5924
-6104
-6293
-5818
-5871
-6328
-6072
-6358
-6199
-6289
-6116
-6369
-5929
-6122
-6302
-6127
-5853
-5880
-6185
-5957
-6469
-5981
-5860
-6249
-6285
-6397
-6236
-6055
-6121
-6058
-6147
-6211
-6217
-5960
-6281
-6085
-6128
-6059
-6186
-6133
-6210
-6132
-6397
-6221
-6472
-5897
-6470
-5992
-5975
-5942
-6500
-5974
-6144
-5949
-6318
-6226
-6155
-6355
-6190
-6419
-5979
-6207
-6232
-6115
-5994
-6339
-6343
-6499
-6194
-6510
-6345
-6248
-6138
-6023
-6177
-6136
-6116
-5947
-5953
-6332
-6375
-6153
-5930
-6344
-6522
-6389
-6490
-6323
-6211
-6492
-6461
-6348
-6013
-6426
-6381
-6094
-5921
-6017
-5975
-6200
-5973
-6020
-6342
-6155
-6146
-6514
-6332
-6235
-6396
-6261
-6104
-6466
-6042
-6536
-6185
-5955
-6313
-6156
-6317
-6096
-6475
-6357
-6253
-6480
-6098
-6119
-6401
-6458
-6452
-5962
-6278
-6298
-6497
-6083
-6225
-6349
-6179
-6248
-6462
-6371
-6099
-6304
-6151
-6403
-6525
-6361
-5980
-6007
-6012
-6214
-6036
-6367
-6247
-6321
-6554
-6568
-6205
-5982
-6323
-6286
-6315
-6437
-6028
-6313
-6349
-6385
-6270
-5978
-6149
-6259
-6258
-6100
-6457
-6000
-6556
-6561
-6597
-6478
-6293
-6481
-6029
-6522
-6366
-6301
-6541
-6459
-6039
-6184
-6249
-6333
-6019
-6114
-6310
-6101
-6402
-6345
-6054
-6102
-6023
-6448
-6263
-6475
-6044
-6643
-6654
-6179
-6112
-6161
-6599
-6567
-6026
-6175
-6364
-6215
-6186
-6232
-6074
-6524
-6659
-6575
-6551
-6521
-6200
-6271
-6661
-6262
-6626
-6035
-6614
-6105
-6663
-6133
-6212
-6239
-6668
-6225
-6391
-6496
-6401
-6209
-6448
-6361
-6509
-6099
-6515
-6212
-6566
-6648
-6120
-6233
-6580
-6482
-6512
-6536
-6356
-6152
-6575
-6354
-6269
-6153
-6264
-6373
-6240
-6126
-6365
-6610
-6639
-6629
-6093
-6319
-6488
-6400
-6612
-6114
-6593
-6205
-6095
-6564
-6172
-6099
-6712
-6239
-6146
-6111
-6693
-6148
-6551
-6162
-6178
-6579
-6740
-6300
-6559
-6723
-6263
-6363
-6121
-6326
-6293
-6238
-6269
-6173
-6674
-6390
-6125
-6330
-6398
-6657
-6247
-6155
-6554
-6313
-6138
-6748
-6384
-6211
-6586
-6300
-6413
-6296
-6680
-6541
-6262
-6477
-6390
-6430
-6334
-6238
-6353
-6287
-6194
-6374
-6157
-6524
-6361
-6581
-6266
-6458
-6249
-6324
-6294
-6338
-6172
-6524
-6249
-6793
-6284
-6289
-6318
-6609
-6508
-6679
-6671
-6507
-6197
-6545
-6779
-6242
-6503
-6190
-6214
-6716
-6514
-6398
-6659
-6750
-6582
-6606
-6192
-6404
-6309
-6618
-6474
-6580
-6346
-6582
-6347
-6643
-6714
-6383
-6805
-6417
-6334
-6580
-6681
-6551
-6390
-6585
-6655
-6385
-6668
-6609
-6584
-6487
-6692
-6700
-6604
-6433
-6244
-6279
-6698
-6485
-6595
-6342
-6623
-6629
-6271
-6584
-6602
-6539
-6547
-6262
-6363
-6308
-6799
-6684
-6482
-6738
-6571
-6338
-6609
-6373
-6251
-6291
-6730
-6456
-6501
-6754
-6450
-6286
-6730
-6755
-6763
-6549
-6703
-6378
-6778
-6498
-6461
-6563
-6756
-6294
-6621
-6636
-6568
-6546
-6884
-6787
-6344
-6616
-6709
-6715
-6372
-6454
-6687
-6263
-6718
-6284
-6540
-6782
-6278
-6644
-6462
-6479
-6728
-6305
-6384
-6655
-6616
-6686
-6327
-6832
-6895
-6639
-6590
-6916
-6402
-6636
-6890
-6772
-6767
-6851
-6397
-6359
-6453
-6517
-6503
-6791
-6858
-6597
-6679
-6829
-6828
-6835
-6669
-6680
-6918
-6386
-6443
-6447
-6885
-6916
-6937
-6919
-6866
-6731
-6394
-6874
-6692
-6643
-6369
-6531
-6514
-6464
-6425
-6901
-6358
-6546
-6571
-6824
-6906
-6377
-6338
-6899
-6595
-6774
-6882
-6811
-6573
-6906
-6442
-6583
-6929
-6520
-6486
-6580
-6679
-6592
-6610
-6982
-6804
-6644
-6653
-6743
-6442
-6943
-6514
-6400
-6759
-6917
-6987
-6802
-6430
-6744
-6634
-6805
-6724
-6548
-6636
-6380
-6709
-6967
-6378
-6389
-6931
-6583
-6832
-7011
-6515
-6974
-6503
-6703
-6875
-6587
-6392
-6539
-6766
-6669
-6805
-6928
-6775
-6566
-6487
-6704
-6503
-6940
-6982
-6612
-6514
-6710
-6528
-6404
-6668
-6971
-6982
-6801
-6531
-6489
-6718
-6705
-6996
-6540
-6528
-6978
-6422
-6587
-6648
-6998
-6881
-6474
-6549
-6927
-6670
-6526
-6801
-6624
-6922
-6533
-6863
-6972
-6702
-6485
-6688
-6704
-6835
-6579
-6568
-6806
-6537
-6939
-6814
-6947
-6597
-6915
-6453
-6793
-6616
-6915
-6917
-6971
-6695
-6759
-6990
-7020
-7053
-6746
-6859
-6632
-6606
-6488
-7044
-6579
-6971
-6601
-6602
-6854
-7023
-6845
-6720
-7073
-6497
-6762
-6707
-7045
-6493
-6961
-6776
-6519
-6555
-6735
-6624
-6996
-6687
-7089
-6790
-6520
-7025
-6565
-6966
-6535
-6496
-6797
-6675
-6583
-6693
-6647
-6804
-6616
-6655
-7110
-6802
-7124
-6950
-6988
-6892
-6685
-6607
-6857
-7038
-6718
-7088
-6809
-7104
-6602
-7126
-6830
-6713
-6881
-7015
-7148
-6531
-6933
-7145
-7032
-6988
-7074
-6538
-6577
-7139
-6906
-6944
-7076
-6551
-6605
-6567
-6687
-6961
-6805
-6715
-7166
-6983
-6761
-6728
-6567
-6737
-6700
-7113
-6933
-6979
-6884
-7187
-7001
-7044
-6570
-7178
-6877
-6672
-6561
-6661
-6908
-6793
-7082
-7031
-6868
-7021
-7149
-6567
-6658
-6900
-6729
-6671
-6826
-6902
-6764
-7141
-7161
-6637
-7011
-6939
-6647
-6989
-6847
-6808
-6645
-6686
-6840
-6796
-6803
-7011
-6938
-7080
-7024
-7188
-6918
-7129
-6810
-6880
-6992
-6931
-7146
-6815
-6606
-7164
-6734
-6632
-6837
-6647
-7235
-7001
-6680
-6822
-7129
-7239
-7237
-7147
-6912
-7153
-6827
-7089
-6679
-6729
-7128
-7247
-6785
-7008
-6630
-6673
-6788
-6795
-6638
-6924
-6987
-6646
-6811
-7003
-6674
-7033
-7161
-6963
-7156
-7006
-6845
-6925
-7086
-6766
-7037
-6647
-6806
-6939
-6977
-6848
-7035
-7146
-6824
-6875
-7265
-7127
-6670
-7075
-6718
-6940
-6837
-6697
-6703
-6883
-7126
-6742
-7071
-7293
-6747
-7034
-6783
-6907
-7293
-6948
-6904
-7084
-6776
-6901
-6954
-6988
-7057
-6763
-7049
-7138
-7068
-7105
-7178
-7175
-6955
-7188
-6974
-7123
-6942
-6881
-7001
-6720
-7046
-7171
-6733
-7085
-7111
-7083
-7165
-7088
-7049
-7332
-6877
-7249
-6899
-7338
-7274
-7116
-7331
-7094
-7249
-7017
-7036
-6896
-7279
-7115
-7287
-6880
-6917
-6743
-6825
-7144
-6940
-7155
-6754
-7239
-7168
-6808
-7023
-7244
-7161
-6811
-7067
-6822
-7180
-7299
-7088
-6957
-7181
-6776
-7374
-7141
-7386
-7237
-7293
-6907
-7077
-6800
-7247
-6939
-6942
-6956
-7004
-7139
-6960
-7240
-6862
-7118
-7289
-7165
-6829
-6771
-6807
-6911
-7006
-7325
-7176
-7087
-6789
-7345
-7031
-6804
-7289
-7064
-7400
-7059
-7199
-7148
-7334
-7402
-7118
-6849
-7128
-7014
-7386
-7315
-7219
-6842
-7071
-7430
-6853
-7366
-7273
-7044
-6838
-7155
-6856
-6895
-7011
-7111
-7362
-6980
-7217
-6981
-7433
-7324
-7270
-7136
-7297
-7441
-7365
-7215
-7026
-7324
-6902
-7327
-6963
-7359
-7383
-7248
-6855
-7164
-6862
-7143
-7458
-7419
-6852
-7410
-7088
-7432
-7363
-7037
-7097
-7328
-7453
-7237
-7112
-7285
-6915
-6933
-7042
-7161
-7155
-7426
-6907
-7196
-6961
-7150
-7319
-7338
-7236
-7108
-7185
-7134
-6901
-7298
-6944
-7496
-7148
-7447
-7048
-7366
-6925
-7028
-6928
-7210
-6901
-7078
-7194
-7097
-7506
-7157
-7378
-7168
-7297
-7346
-7064
-6996
-7443
-7067
-6888
-7248
-7058
-7142
-7263
-7016
-7499
-7116
-7419
-7080
-6950
-7229
-7274
-6948
-7293
-6921
-6957
-6918
-7348
-6919
-6938
-7002
-7151
-7194
-7094
-6963
-7414
-7004
-7079
-7381
-6967
-7449
-7232
-7242
-7420
-7401
-6961
-6958
-7281
-7471
-7038
-7326
-6940
-6991
-7288
-7440
-7436
-7084
-7007
-7150
-6975
-7042
-7365
-7132
-7243
-7317
-7447
-7052
-6983
-7277
-7302
-7130
-7159
-7312
-7076
-7399
-6955
-7255
-7039
-7392
-7300
-7007
-7032
-7520
-7129
-7488
-7414
-7301
-6996
-7424
-7334
-7548
-6973
-7156
-7174
-7282
-7085
-7363
-7508
-7322
-7122
-7011
-7393
-7172
-7068
-7587
-7161
-7263
-7413
-7007
-7362
-7137
-7557
-7462
-7022
-7192
-7187
-7524
-7499
-7529
-7058
-7622
-7166
-7374
-7621
-7080
-7581
-7137
-7374
-7211
-7424
-7638
-7343
-7028
-7301
-7368
-7468
-7467
-7609
-7137
-7526
-7338
-7493
-7074
-7373
-7320
-7508
-7147
-7233
-7638
-7496
-7387
-7109
-7393
-7044
-7589
-7592
-7666
-7413
-7500
-7343
-7092
-7197
-7096
-7574
-7224
-7120
-7594
-7422
-7043
-7392
-7464
-7606
-7284
-7065
-7481
-7065
-7447
-7248
-7094
-7166
-7478
-7556
-7151
-7688
-7497
-7059
-7494
-7556
-7383
-7306
-7413
-7350
-7412
-7533
-7073
-7121
-7546
-7621
-7312
-7464
-7667
-7481
-7437
-7357
-7254
-7433
-7193
-7561
-7627
-7569
-7127
-7227
-7115
-7600
-7585
-7358
-7396
-7584
-7234
-7100
-7615
-7098
-7337
-7250
-7647
-7319
-7577
-7572
-7249
-7671
-7441
-7523
-7397
-7695
-7447
-7513
-7558
-7160
-7569
-7742
-7639
-7612
-7521
-7412
-7751
-7247
-7632
-7383
-7392
-7316
-7510
-7655
-7536
-7579
-7144
-7496
-7262
-7422
-7570
-7320
-7174
-7442
-7157
-7165
-7511
-7716
-7172
-7758
-7549
-7172
-7264
-7604
-7285
-7684
-7543
-7449
-7700
-7476
-7759
-7316
-7386
-7557
-7428
-7329
-7164
-7333
-7767
-7679
-7697
-7515
-7227
-7377
-7707
-7553
-7695
-7653
-7532
-7301
-7194
-7397
-7778
-7794
-7559
-7576
-7367
-7391
-7590
-7461
-7408
-7756
-7662
-7435
-7689
-7804
-7363
-7308
-7688
-7542
-7463
-7817
-7572
-7697
-7468
-7536
-7419
-7231
-7640
-7638
-7445
-7376
-7725
-7532
-7409
-7601
-7539
-7848
-7229
-7226
-7434
-7731
-7584
-7619
-7275
-7649
-7442
-7699
-7611
-7644
-7504
-7768
-7835
-7712
-7366
-7594
-7591
-7396
-7658
-7268
-7716
-7721
-7833
-7690
-7844
-7462
-7749
-7625
-7470
-7754
-7422
-7651
-7606
-7548
-7786
-7346
-7521
-7871
-7582
-7892
-7814
-7687
-7671
-7330
-7314
-7765
-7650
-7429
-7742
-7596
-7442
-7532
-7318
-7774
-7268
-7856
-7288
-7404
-7497
-7701
-7642
-7279
-7296
-7312
-7902
-7894
-7503
-7474
-7860
-7740
-7835
-7848
-7839
-7490
-7489
-7488
-7712
-7795
-7773
-7686
-7297
-7399
-7460
-7746
-7337
-7808
-7849
-7394
-7936
-7693
-7735
-7800
-7445
-7555
-7568
-7764
-7406
-7558
-7744
-7727
-7937
-7407
-7671
-7689
-7648
-7549
-7762
-7943
-7594
-7962
-7950
-7512
-7904
-7782
-7694
-7400
-7706
-7792
-7931
-7772
-7475
-7584
-7831
-7867
-7733
-7780
-7471
-7704
-7642
-7946
-7620
-7644
-7889
-7385
-7611
-7589
-7652
-7379
-7366
-7781
-7884
-7741
-7905
-7598
-7977
-7552
-7997
-7378
-7383
-7595
-7769
-7650
-7778
-7726
-7550
-7767
-7912
-7913
-7402
-7550
-7982
-7522
-7697
-7549
-7471
-7685
-7861
-7829
-7736
-7846
-7761
-7526
-7885
-7706
-7783
-7937
-7618
-7626
-7413
-7784
-7591
-7395
-7639
-7524
-7692
-7496
-7523
-7731
-7539
-7864
-7643
-7407
-8027
-7725
-7567
-7819
-7646
-7733
-7765
-7870
-7762
-7789
-7462
-7749
-8026
-8000
-7836
-7887
-7516
-7781
-7733
-7711
-7526
-7973
-7812
-8019
-7647
-8045
-7767
-7609
-7768
-7541
-7720
-7876
-7696
-7685
-7676
-7799
-7831
-7594
-7763
-7830
-8013
-7719
-7907
-7759
-7616
-7815
-7580
-7570
-7747
-7460
-8070
-8034
-7611
-7829
-7893
-7550
-7989
-7784
-7931
-7860
-7873
-7954
-7673
-7552
-7650
-7917
-7932
-8023
-7834
-7504
-7761
-7858
-8024
-7639
-7762
-8065
-7990
-7698
-7516
-7723
-7505
-7761
-7696
-7899
-7829
-7657
-7761
-7671
-7947
-8120
-7783
-7894
-8046
-7639
-7844
-7541
-7699
-8129
-7606
-7560
-7602
-7616
-7627
-8122
-7928
-7693
-8061
-8035
-7815
-7632
-7715
-7584
-8085
-8068
-8032
-7947
-7900
-7664
-8036
-8103
-8161
-7580
-7846
-7984
-7657
-7641
-8098
-7660
-8067
-7647
-8000
-7589
-7886
-7666
-7606
-8009
-7892
-8104
-7921
-7621
-7999
-7590
-7764
-7601
-7919
-7670
-8127
-7642
-7585
-8130
-8102
-7947
-7705
-8114
-7640
-7695
-7577
-8083
-7607
-7819
-7835
-7837
-7829
-7877
-7685
-8157
-7772
-7841
-8086
-7689
-7942
-7789
-7746
-7978
-8059
-7792
-8153
-8175
-7956
-8121
-8149
-8065
-7773
-8109
-7642
-8032
-7616
-7854
-7595
-8129
-8210
-7838
-8058
-8227
-7625
-7913
-8010
-7626
-7969
-8156
-7782
-7726
-7864
-7691
-8193
-8150
-7694
-7702
-8094
-8127
-8170
-8004
-7860
-7617
-8154
-8050
-7689
-7937
-7998
-7821
-8134
-7773
-8176
-8174
-8237
-8266
-7721
-7847
-7772
-7887
-8239
-8062
-7777
-7902
-7829
-7837
-7860
-7955
-7919
-7762
-8244
-8278
-8045
-8127
-7851
-8102
-7989
-7851
-7852
-7981
-7937
-8067
-8097
-7934
-8255
-7968
-7814
-8294
-7936
-7721
-7975
-8088
-8151
-7843
-7733
-8108
-7783
-7917
-8249
-8230
-7838
-8092
-8231
-8068
-7916
-7714
-7754
-8253
-8127
-7980
-8093
-8303
-8293
-7859
-7761
-7996
-7770
-7781
-8165
-8123
-7719
-8214
-7805
-7793
-7899
-7976
-7950
-8275
-7757
-7942
-8025
-7726
-8116
-7996
-7980
-7876
-7991
-7738
-8306
-8317
-7764
-7976
-8255
-8226
-7930
-8306
-8060
-8181
-7959
-7751
-8114
-7985
-8032
-8132
-7986
-7952
-7749
-8027
-7872
-7856
-8055
-8002
-8335
-7775
-8270
-7838
-8016
-8254
-8044
-8139
-8195
-8294
-8250
-7862
-7887
-8249
-8032
-8038
-7929
-7768
-7805
-7933
-7799
-7846
-8168
-8082
-8139
-7889
-7902
-8212
-8333
-8168
-8303
-8409
-8265
-7852
-8191
-7859
-8100
-8072
-8338
-8311
-7897
-8253
-7965
-7900
-7895
-8021
-8270
-8000
-8088
-8327
-7802
-8213
-7967
-8407
-7805
-8306
-7963
-8119
-8399
-8432
-7867
-8334
-7931
-8246
-8235
-8387
-8106
-8057
-8200
-8077
-7825
-8178
-8315
-7821
-8005
-8345
-7972
-7826
-7963
-8251
-7881
-8152
-8212
-8410
-8026
-8371
-8232
-8374
-8207
-8331
-8076
-8008
-8060
-8376
-7990
-8224
-8262
-8210
-7911
-8120
-8431
-7881
-7916
-8076
-8029
-8421
-7945
-7986
-8268
-8343
-8240
-8382
-8326
-8112
-8399
-7976
-8123
-8029
-8305
-8221
-7860
-8103
-8330
-8125
-8362
-8033
-7961
-8079
-7993
-8209
-8148
-8064
-8339
-8476
-8116
-8362
-8184
-8419
-8493
-8084
-8091
-7908
-8115
-8251
-8387
-8048
-8507
-8388
-8513
-8407
-7974
-8133
-8117
-8152
-8040
-8407
-7981
-8368
-8321
-8309
-8368
-7964
-8389
-8132
-8031
-8152
-8282
-7957
-8259
-8230
-8546
-8440
-8362
-8236
-8293
-8316
-8084
-7932
-8149
-8278
-8345
-8162
-8282
-8155
-8000
-8205
-8532
-8553
-8162
-8304
-7990
-8081
-8031
-8262
-8212
-8456
-8320
-8256
-8316
-8010
-8408
-8099
-8317
-8491
-8095
-8539
-8298
-8259
-8391
-8131
-8414
-8523
-8460
-7956
-8089
-8239
-8267
-8081
-7992
-8365
-8496
-8252
-8132
-8549
-8589
-8045
-8255
-8605
-8347
-8387
-8579
-8098
-8297
-8081
-8258
-8602
-8166
-8218
-8613
-8338
-8183
-8036
-8173
-8375
-8000
-8247
-8100
-8379
-8447
-8531
-8293
-8132
-8160
-8563
-8097
-8344
-8320
-8343
-8023
-8500
-8046
-8181
-8477
-8594
-8073
-8084
-8316
-8147
-8249
-8569
-8118
-8420
-8460
-8100
-8231
-8495
-8391
-8269
-8651
-8647
-8089
-8136
-8267
-8430
-8367
-8042
-8392
-8444
-8329
-8126
-8485
-8386
-8217
-8269
-8187
-8305
-8144
-8360
-8235
-8291
-8502
-8376
-8436
-8092
-8378
-8113
-8459
-8309
-8495
-8363
-8205
-8200
-8615
-8097
-8269
-8083
-8360
-8517
-8411
-8155
-8323
-8067
-8426
-8518
-8647
-8565
-8425
-8594
-8369
-8236
-8412
-8399
-8550
-8433
-8663
-8633
-8467
-8578
-8264
-8268
-8135
-8183
-8582
-8433
-8576
-8462
-8372
-8104
-8336
-8643
-8389
-8388
-8611
-8531
-8708
-8522
-8198
-8268
-8709
-8180
-8508
-8448
-8551
-8164
-8366
-8677
-8226
-8606
-8245
-8453
-8335
-8732
-8499
-8718
-8385
-8726
-8145
-8466
-8591
-8603
-8137
-8177
-8503
-8211
-8595
-8734
-8298
-8739
-8224
-8439
-8349
-8506
-8168
-8597
-8673
-8302
-8218
-8741
-8150
-8373
-8410
-8556
-8157
-8521
-8303
-8773
-8209
-8397
-8712
-8238
-8602
-8760
-8764
-8641
-8680
-8596
-8524
-8551
-8202
-8402
-8290
-8400
-8436
-8348
-8278
-8451
-8341
-8370
-8732
-8558
-8551
-8498
-8449
-8231
-8400
-8463
-8520
-8187
-8484
-8396
-8419
-8417
-8415
-8399
-8182
-8798
-8233
-8541
-8811
-8291
-8647
-8704
-8695
-8635
-8293
-8259
-8246
-8239
-8804
-8573
-8520
-8772
-8605
-8348
-8401
-8528
-8642
-8629
-8785
-8750
-8649
-8656
-8515
-8712
-8531
-8672
-8222
-8722
-8330
-8784
-8587
-8654
-8715
-8298
-8361
-8327
-8622
-8686
-8663
-8552
-8611
-8651
-8297
-8271
-8575
-8869
-8396
-8232
-8762
-8246
-8595
-8411
-8249
-8803
-8670
-8602
-8446
-8565
-8758
-8582
-8813
-8755
-8588
-8502
-8272
-8820
-8852
-8513
-8782
-8548
-8831
-8842
-8454
-8699
-8830
-8830
-8675
-8449
-8686
-8395
-8834
-8736
-8818
-8536
-8398
-8462
-8586
-8777
-8583
-8666
-8316
-8825
-8386
-8484
-8569
-8604
-8719
-8708
-8497
-8778
-8400
-8738
-8374
-8697
-8907
-8302
-8543
-8607
-8518
-8572
-8570
-8733
-8700
-8526
-8433
-8518
-8402
-8587
-8742
-8403
-8586
-8378
-8748
-8908
-8518
-8435
-8762
-8744
-8595
-8944
-8549
-8548
-8620
-8558
-8897
-8625
-8330
-8500
-8353
-8375
-8534
-8870
-8572
-8433
-8784
-8587
-8435
-8732
-8504
-8629
-8944
-8618
-8943
-8759
-8848
-8420
-8363
-8903
-8749
-8542
-8726
-8750
-8962
-8531
-8440
-8901
-8684
-8986
-8910
-8400
-8642
-8871
-8712
-8983
-8792
-8373
-8755
-8738
-8529
-8807
-8631
-8651
-8529
-8460
-8857
-8532
-8798
-8841
-8571
-8677
-8659
-8722
-8476
-8678
-8660
-8866
-8494
-8779
-8954
-8636
-8823
-8535
-9019
-8461
-8963
-8587
-8665
-8642
-8742
-9023
-8607
-8627
-8874
-8911
-8987
-8829
-8569
-8542
-8840
-8943
-8805
-8737
-8697
-8507
-8785
-8941
-8524
-8702
-8509
-8893
-8702
-8591
-8754
-8680
-8766
-8748
-8725
-8941
-8863
-8955
-8937
-8859
-8982
-8482
-8778
-8565
-8440
-8536
-8826
-8947
-8900
-8829
-8688
-8893
-8788
-8478
-8943
-9042
-8608
-8517
-8885
-8815
-8984
-8995
-8926
-8979
-8653
-8887
-8799
-8923
-8750
-8977
-9093
-8943
-8935
-8788
-8899
-8835
-8749
-8779
-8495
-9099
-8652
-8685
-8931
-8605
-8562
-8753
-9050
-9117
-8578
-8499
-8852
-8639
-8876
-8765
-8748
-8776
-8695
-9002
-9078
-8765
-8954
-8522
-8528
-8832
-8497
-9036
-8661
-9011
-9019
-8701
-8833
-8629
-8816
-8916
-8873
-8549
-8537
-9097
-8771
-8533
-8851
-9106
-8598
-8906
-8610
-8608
-8717
-8890
-9102
-8875
-9098
-8578
-8988
-8846
-8842
-8674
-8665
-9085
-8573
-9117
-8787
-8832
-8652
-9086
-8754
-8900
-9126
-9038
-8977
-8934
-9051
-8675
-9020
-8701
-8556
-9023
-8797
-8592
-8659
-8546
-8814
-8940
-8769
-8616
-9103
-9027
-8664
-8581
-8703
-9162
-9093
-8681
-9053
-9002
-8888
-8741
-8786
-8794
-8825
-9121
-8879
-8879
-8602
-8835
-8765
-9167
-9147
-9002
-8895
-8633
-8615
-8812
-8845
-9035
-8645
-8735
-9134
-9029
-8709
-9133
-9051
-8974
-9103
-8987
-8874
-8912
-9187
-8904
-8899
-8891
-8921
-8946
-8818
-8984
-8710
-8761
-8612
-8764
-9177
-8690
-8854
-9053
-9146
-9139
-8874
-9224
-9217
-8785
-9017
-8699
-9068
-9031
-8943
-8667
-8811
-9130
-9032
-9173
-9220
-8776
-8696
-8887
-8706
-8912
-9144
-8912
-8747
-9057
-9253
-8664
-8791
-9074
-8802
-8933
-8958
-9236
-9084
-8912
-8684
-8694
-8962
-9253
-9077
-8761
-8747
-8984
-8788
-8729
-9000
-9085
-9165
-9096
-8782
-9178
-8986
-8820
-9211
-8778
-9096
-8907
-9012
-8682
-8925
-9267
-9222
-8947
-9158
-9238
-8958
-9143
-9167
-9005
-8987
-8880
-9108
-8866
-9030
-9257
-8970
-8774
-8978
-9073
-8739
-9279
-8768
-9163
-8982
-8804
-8982
-8978
-9215
-8702
-9218
-9126
-9050
-9279
-8756
-8770
-8916
-9123
-8880
-8978
-8841
-8870
-8799
-9162
-9034
-9148
-9176
-9311
-9132
-9069
-8913
-8780
-9176
-8743
-8744
-8999
-9106
-9368
-9064
-9007
-9145
-9217
-9233
-8964
-9161
-9287
-9162
-9147
-9052
-8955
-8838
-8916
-8939
-9174
-9059
-9181
-8968
-9301
-8969
-8778
-9170
-9077
-9244
-8834
-9303
-9333
-9019
-9240
-8798
-9222
-8804
-9177
-9083
-9237
-9138
-8867
-9291
-8866
-9384
-9084
-9248
-9154
-8987
-8791
-9377
-9163
-9351
-9353
-9047
-8880
-8947
-9391
-9090
-9277
-9081
-9124
-8970
-8996
-9283
-8960
-8792
-9096
-9033
-9314
-9252
-9267
-9360
-9150
-8819
-9226
-8808
-9388
-8812
-9417
-9411
-8940
-9162
-9000
-9314
-9137
-9164
-9339
-9093
-9431
-9116
-9372
-9007
-9181
-9172
-9235
-8903
-8984
-8879
-9355
-8996
-9160
-9377
-8989
-9216
-8883
-8917
-8979
-9084
-9074
-8896
-9105
-9377
-9063
-9450
-9365
-9023
-9242
-9142
-9432
-9028
-9272
-9374
-9031
-9032
-9358
-8964
-8959
-9438
-9143
-9472
-8930
-9316
-9411
-8857
-9131
-9311
-9483
-9071
-8996
-9478
-9156
-9169
-8968
-8948
-8959
-9354
-8952
-9100
-9462
-8903
-9189
-9226
-9131
-8920
-9327
-8951
-9065
-9310
-9345
-9410
-9049
-9136
-9071
-9418
-9428
-9244
-9271
-9332
-9406
-9301
-9209
-9021
-9114
-9138
-9448
-9514
-9359
-9047
-9304
-9408
-9330
-9431
-8938
-9353
-8909
-9271
-8948
-9046
-9111
-8970
-9259
-9550
-9356
-8999
-9299
-9551
-9215
-9005
-8994
-9312
-9288
-8949
-9344
-9028
-8997
-8976
-9253
-9000
-9386
-9158
-9098
-9254
-9252
-9100
-9032
-9174
-8949
-9420
-9403
-9292
-9486
-9413
-9100
-9492
-9050
-8952
-9209
-9574
-9544
-9011
-9477
-9439
-9478
-8999
-9393
-9287
-9517
-8972
-9419
-9168
-9357
-9194
-9024
-9369
-9363
-9120
-9405
-9556
-9478
-9496
-9424
-9352
-9374
-9109
-9268
-9128
-9233
-8994
-9194
-9330
-9554
-9057
-9552
-9285
-9341
-9047
-9033
-9273
-9597
-9146
-9068
-9066
-9004
-9511
-9309
-9101
-9118
-9231
-9565
-9376
-9249
-9077
-9009
-9324
-9279
-9145
-9398
-9022
-9076
-9074
-9440
-9350
-9273
-9200
-9094
-9116
-9116
-9308
-9059
-9468
-9504
-9333
-9507
-9218
-9546
-9285
-9352
-9157
-9213
-9470
-9128
-9566
-9310
-9203
-9205
-9367
-9596
-9361
-9260
-9492
-9435
-9350
-9275
-9561
-9460
-9159
-9610
-9514
-9658
-9414
-9649
-9594
-9622
-9103
-9455
-9550
-9090
-9488
-9127
-9484
-9352
-9405
-9184
-9436
-9142
-9615
-9594
-9666
-9715
-9555
-9138
-9280
-9226
-9140
-9677
-9598
-9566
-9537
-9326
-9543
-9612
-9574
-9390
-9163
-9207
-9555
-9728
-9248
-9545
-9195
-9544
-9665
-9370
-9327
-9375
-9101
-9311
-9482
-9400
-9562
-9637
-9254
-9623
-9227
-9289
-9446
-9450
-9477
-9437
-9498
-9365
-9521
-9397
-9296
-9388
-9761
-9260
-9255
-9736
-9644
-9176
-9723
-9580
-9585
-9614
-9133
-9162
-9622
-9160
-9533
-9353
-9415
-9340
-9440
-9315
-9197
-9161
-9305
-9610
-9671
-9246
-9396
-9246
-9543
-9184
-9233
-9480
-9176
-9313
-9611
-9236
-9380
-9691
-9321
-9309
-9372
-9802
-9416
-9354
-9619
-9215
-9241
-9741
-9576
-9355
-9272
-9562
-9390
-9572
-9623
-9384
-9613
-9482
-9473
-9504
-9570
-9487
-9386
-9544
-9658
-9772
-9768
-9504
-9220
-9622
-9325
-9272
-9455
-9491
-9574
-9693
-9245
-9253
-9236
-9711
-9640
-9469
-9202
-9667
-9732
-9736
-9820
-9390
-9245
-9845
-9506
-9358
-9298
-9320
-9273
-9743
-9388
-9226
-9753
-9677
-9358
-9688
-9578
-9688
-9305
-9311
-9617
-9284
-9402
-9441
-9834
-9648
-9478
-9246
-9584
-9238
-9859
-9329
-9582
-9643
-9590
-9707
-9863
-9260
-9469
-9362
-9282
-9562
-9835
-9293
-9816
-9718
-9572
-9819
-9268
-9424
-9265
-9418
-9618
-9726
-9718
-9589
-9369
-9644
-9291
-9407
-9506
-9303
-9606
-9734
-9894
-9628
-9834
-9837
-9910
-9698
-9792
-9390
-9293
-9689
-9781
-9747
-9922
-9328
-9786
-9437
-9509
-9818
-9610
-9840
-9854
-9768
-9398
-9585
-9382
-9758
-9442
-9926
-9735
-9347
-9476
-9392
-9522
-9567
-9311
-9359
-9700
-9541
-9379
-9602
-9389
-9921
-9615
-9456
-9815
-9510
-9345
-9839
-9811
-9404
-9407
-9340
-9448
-9914
-9871
-9922
-9884
-9818
-9557
-9656
-9844
-9799
-9853
-9841
-9441
-9650
-9542
-9379
-9736
-9654
-9898
-9552
-9833
-9675
-9426
-9619
-9476
-9769
-9468
-9524
-9898
-9421
-9773
-9362
-9822
-9648
-9769
-9641
-9890
-9362
-9882
-9551
-9537
-9412
-9659
-9581
-9546
-9619
-9873
-9998
-9713
-9450
-9647
-9562
-10000
-9806
-9670
-9949
-9839
-9380
-9598
-9528
-9627
-9965
-9561
-9866
-9546
-9682
-9729
-10027
-9830
-9836
-9912
-9845
-9589
-9916
-9713
-9655
-9406
-9966
-9477
-9817
-9546
-9922
-9808
-9924
-9915
-9903
-9778
-9999
-9950
-9600
-9779
-9980
-9940
-9448
-9945
-9734
-9432
-9791
-9761
-9568
-9689
-9532
-9923
-9919
-9632
-9560
-9953
-9671
-9965
-9499
-9754
-9554
-9815
-10052
-10048
-9728
-9930
-9955
-9964
-9838
-9451
-9603
-9556
-9541
-9598
-9741
-9978
-9981
-9945
-9514
-10001
-9589
-9463
-10070
-9476
-9528
-9846
-9599
-9596
-10000
-9677
-9709
-10044
-9728
-9621
-9928
-10010
-10098
-9546
-10045
-9950
-9928
-9662
-9780
-9807
-9851
-9791
-9500
-9855
-9786
-9925
-9859
-9870
-9641
-10019
-9590
-9650
-9779
-9849
-10091
-9730
-9680
-9874
-9945
-9967
-9839
-9619
-9681
-9949
-9534
-9927
-9862
-10046
-9920
-9884
-9967
-10134
-9568
-9892
-9818
-9894
-9560
-9662
-9663
-10099
-9913
-9642
-9786
-9641
-10095
-9663
-9543
-9549
-9909
-9619
-9751
-9985
-9628
-10123
-9680
-9604
-9746
-9983
-10108
-9772
-9655
-9777
-9681
-9773
-9626
-9627
-10092
-10011
-10167
-9950
-9917
-9777
-9777
-9729
-9864
-9753
-9897
-9906
-9733
-9678
-9937
-10009
-9977
-9969
-9640
-9681
-9771
-9742
-9586
-10192
-9888
-9733
-9815
-9721
-9598
-10056
-9789
-9622
-9603
-10075
-9955
-9593
-9742
-9888
-9753
-10154
-9807
-10206
-9957
-9887
-9910
-10167
-9812
-10101
-9632
-9645
-9740
-9843
-9694
-9674
-9739
-9822
-9966
-10036
-10075
-9974
-10117
-9747
-10173
-9723
-9981
-9731
-10192
-10002
-9848
-9828
-10113
-10192
-9942
-9747
-10128
-10218
-9992
-9973
-10002
-9765
-9635
-9872
-9904
-10122
-9657
-9717
-10178
-9944
-9915
-10113
-10024
-9751
-9817
-10153
-10245
-9761
-9913
-9716
-9662
-9695
-9912
-10286
-10061
-10217
-9769
-9782
-9783
-10040
-9833
-9817
-9952
-9861
-10285
-10298
-10130
-9785
-9916
-9990
-9771
-9861
-9818
-9752
-10051
-9934
-10214
-10008
-9708
-10160
-9724
-9995
-10217
-9873
-10068
-9778
-10008
-10263
-9683
-9888
-9694
-9752
-10132
-9913
-10182
-10011
-9988
-10250
-10127
-10139
-10257
-10003
-9801
-9859
-9978
-10323
-9806
-10263
-10043
-10236
-10179
-10239
-9887
-9789
-10248
-10226
-10009
-9999
-9993
-10187
-9715
-10135
-9958
-10280
-10355
-10014
-9836
-10142
-10236
-10330
-10054
-10199
-10300
-9982
-9771
-10253
-10264
-9963
-10163
-10048
-10175
-9782
-10333
-9935
-10258
-9798
-10052
-10351
-10133
-10154
-9947
-10328
-9931
-10331
-10205
-9896
-10241
-10210
-10156
-10063
-9895
-9833
-9908
-9999
-10118
-10375
-9764
-10272
-10210
-10049
-9999
-9986
-9959
-10008
-9895
-9830
-10039
-10347
-9955
-10222
-10064
-9826
-10302
-10193
-10175
-10411
-9861
-10218
-10303
-10370
-10319
-10103
-9955
-10252
-10088
-9899
-10379
-9889
-10001
-10290
-10306
-9864
-10086
-9892
-10031
-9813
-10397
-9991
-10064
-10054
-9966
-9817
-10148
-9813
-9957
-10301
-10218
-10360
-9873
-10052
-10193
-9863
-9960
-10421
-9943
-9903
-10245
-10153
-9877
-10237
-9953
-10039
-10391
-9857
-10203
-10068
-10332
-10266
-9905
-10436
-10188
-10455
-10021
-10157
-10468
-10039
-10387
-9855
-10394
-10018
-9907
-10261
-10257
-10300
-10368
-10479
-10255
-10361
-10355
-9855
-10030
-10141
-10010
-10379
-10260
-10110
-10238
-10098
-10247
-10227
-10056
-10134
-10424
-10191
-10458
-10256
-9890
-10357
-10409
-10287
-10186
-10334
-10497
-10312
-10486
-10070
-10353
-10093
-10040
-10271
-10114
-10113
-10414
-10074
-10241
-9968
-9889
-10240
-10399
-10234
-10110
-10289
-10016
-9935
-10172
-10214
-10330
-10313
-10391
-9989
-10102
-10118
-9915
-10215
-10296
-10001
-10220
-10466
-10187
-10041
-10235
-10095
-10487
-10275
-9932
-10425
-10020
-10148
-10021
-10393
-10123
-10475
-10374
-10186
-10373
-10052
-9988
-9995
-10567
-10434
-10454
-9967
-10370
-9993
-10039
-10233
-10018
-10206
-10172
-10368
-10343
-10093
-9994
-10295
-10451
-10480
-10019
-10082
-10072
-10140
-10468
-10017
-10470
-10291
-10188
-10413
-10000
-10568
-10320
-10077
-10321
-10394
-10206
-10508
-10291
-10505
-10333
-10021
-10512
-10087
-9997
-10593
-10489
-10556
-9976
-10336
-10332
-9992
-10412
-10585
-10564
-10073
-10203
-10602
-10071
-10159
-10452
-10049
-10390
-10310
-10314
-10225
-10334
-10395
-10014
-10307
-10203
-10568
-10484
-10009
-10421
-10575
-10558
-10037
-10050
-10586
-10348
-10491
-10121
-10250
-10320
-10226
-10239
-10327
-10634
-10311
-10577
-10414
-10168
-10227
-10448
-10195
-10416
-10025
-10123
-10570
-10164
-10495
-10114
-10158
-10477
-10624
-10519
-10591
-10559
-10370
-10659
-10044
-10477
-10678
-10357
-10130
-10359
-10053
-10266
-10632
-10298
-10403
-10141
-10143
-10684
-10089
-10059
-10365
-10411
-10063
-10157
-10145
-10531
-10120
-10585
-10508
-10264
-10662
-10321
-10618
-10066
-10567
-10416
-10708
-10455
-10530
-10485
-10110
-10413
-10122
-10679
-10220
-10497
-10478
-10647
-10575
-10471
-10274
-10363
-10684
-10694
-10334
-10523
-10730
-10179
-10391
-10320
-10134
-10107
-10659
-10491
-10147
-10600
-10262
-10583
-10543
-10343
-10158
-10281
-10697
-10445
-10496
-10171
-10228
-10241
-10311
-10678
-10224
-10206
-10663
-10454
-10237
-10622
-10142
-10273
-10318
-10566
-10288
-10353
-10266
-10420
-10173
-10629
-10289
-10462
-10244
-10166
-10652
-10489
-10644
-10628
-10707
-10549
-10776
-10682
-10627
-10457
-10629
-10691
-10730
-10469
-10468
-10261
-10447
-10155
-10304
-10602
-10161
-10627
-10196
-10374
-10487
-10422
-10614
-10604
-10645
-10451
-10418
-10309
-10381
-10492
-10723
-10276
-10231
-10360
-10754
-10219
-10478
-10651
-10682
-10373
-10700
-10610
-10508
-10749
-10431
-10533
-10676
-10192
-10225
-10777
-10406
-10498
-10405
-10532
-10707
-10380
-10350
-10610
-10229
-10829
-10785
-10388
-10583
-10211
-10829
-10433
-10621
-10460
-10669
-10620
-10770
-10645
-10561
-10286
-10467
-10346
-10223
-10705
-10247
-10793
-10582
-10560
-10681
-10766
-10861
-10824
-10698
-10730
-10709
-10549
-10563
-10357
-10231
-10487
-10463
-10307
-10307
-10610
-10264
-10474
-10509
-10494
-10841
-10601
-10416
-10533
-10710
-10298
-10807
-10830
-10579
-10539
-10865
-10829
-10476
-10432
-10735
-10662
-10582
-10291
-10268
-10571
-10385
-10296
-10275
-10539
-10531
-10345
-10866
-10639
-10410
-10444
-10649
-10883
-10432
-10720
-10495
-10420
-10505
-10813
-10658
-10874
-10340
-10571
-10438
-10578
-10737
-10786
-10926
-10294
-10791
-10293
-10746
-10338
-10399
-10775
-10743
-10872
-10659
-10831
-10316
-10532
-10604
-10367
-10808
-10670
-10666
-10633
-10747
-10926
-10342
-10310
-10549
-10883
-10360
-10928
-10537
-10398
-10935
-10580
-10568
-10564
-10817
-10880
-10805
-10668
-10388
-10906
-10683
-10947
-10552
-10890
-10643
-10911
-10714
-10523
-10572
-10706
-10562
-10519
-10923
-10668
-10447
-10349
-10964
-10771
-10518
-10603
-10893
-10446
-10719
-10617
-10664
-10408
-10633
-10543
-10751
-10654
-10368
-10666
-10957
-10873
-11001
-10519
-10810
-10901
-10619
-10536
-10477
-10678
-10486
-10673
-10376
-10857
-10923
-10406
-10464
-10531
-10790
-10605
-10703
-10894
-10415
-10519
-10938
-10983
-10794
-10993
-10512
-10660
-10865
-11008
-10866
-10439
-10714
-10439
-10849
-10489
-10915
-10794
-10952
-10507
-10514
-11043
-10956
-10647
-10558
-11039
-10876
-10696
-10560
-10421
-11026
-10979
-10556
-10426
-10727
-10769
-10933
-10840
-10786
-10556
-10676
-10879
-10962
-10770
-10707
-10447
-11068
-10427
-10922
-10695
-10981
-11022
-10453
-10700
-10826
-11052
-10951
-11030
-10508
-10650
-10468
-10606
-10530
-10822
-10586
-10719
-10449
-10632
-10827
-10949
-10469
-10720
-10561
-10994
-10607
-11054
-11013
-11010
-10978
-10488
-10519
-10673
-10557
-10806
-10599
-10817
-10970
-10634
-10553
-10684
-10960
-10905
-10605
-11094
-11011
-10883
-10879
-10885
-10711
-10550
-10682
-10813
-10726
-10627
-10716
-11092
-11122
-10718
-10808
-10653
-11056
-10565
-10596
-10500
-10885
-10529
-10803
-10539
-10706
-10541
-10565
-10816
-10729
-10502
-11054
-10555
-10910
-10742
-10543
-10548
-10985
-10631
-10613
-10823
-10758
-10704
-10928
-10988
-10992
-10629
-10662
-10880
-11107
-10615
-11112
-10801
-10733
-10709
-11018
-10755
-10853
-10861
-10765
-10785
-11126
-10713
-10558
-10814
-10543
-11002
-10696
-10637
-11019
-10657
-10913
-10979
-10846
-10956
-10914
-10573
-10871
-11086
-10567
-10931
-11157
-10562
-10635
-10860
-10761
-10922
-11121
-10593
-11149
-10924
-11043
-10997
-11207
-10577
-10975
-10880
-11014
-10984
-11156
-10912
-10784
-11050
-10667
-11219
-10936
-10720
-10667
-10604
-10989
-11155
-11121
-11139
-10755
-10904
-11005
-11105
-11018
-11063
-11050
-11063
-11010
-11084
-11181
-10856
-10812
-10618
-11100
-10925
-11038
-10821
-10818
-10782
-11059
-11172
-10730
-11059
-10921
-10691
-11014
-10780
-10754
-11003
-10887
-10744
-10654
-10702
-11251
-10641
-11206
-10929
-11171
-11185
-10942
-11006
-11177
-11200
-10874
-10854
-10836
-10812
-10746
-11222
-10744
-11034
-10775
-10995
-11192
-10772
-10709
-10842
-10646
-10965
-10682
-10786
-10800
-10950
-11056
-10703
-10653
-11121
-10797
-11023
-11099
-10918
-10886
-11292
-10999
-11144
-11120
-11287
-11129
-10718
-11096
-11013
-10811
-11094
-11086
-11037
-11104
-11114
-10932
-11090
-11274
-10997
-10883
-11079
-10787
-11292
-11237
-11110
-10974
-11228
-11254
-10687
-11302
-11079
-10775
-10877
-10931
-11200
-11020
-11041
-10832
-10877
-11053
-11237
-10736
-11231
-11193
-11219
-11076
-11093
-10978
-11282
-10909
-10989
-11096
-11341
-10922
-11160
-11123
-11010
-10997
-10887
-11329
-11193
-11043
-10837
-10744
-10763
-10781
-11243
-11172
-10943
-11191
-11103
-10783
-10741
-10753
-11330
-11057
-10781
-11334
-10773
-11007
-11375
-10826
-10900
-10758
-10889
-10934
-11099
-10791
-10939
-11172
-11035
-10922
-11330
-11213
-11366
-11157
-10773
-11302
-10882
-10986
-10823
-10777
-11371
-11111
-11029
-11098
-11291
-10999
-11030
-11000
-11353
-11065
-11356
-11010
-10962
-10959
-11300
-11331
-10825
-10934
-11219
-11296
-11131
-10834
-10899
-11275
-10949
-11192
-10892
-10974
-10994
-11074
-11198
-10995
-10959
-10967
-11080
-11152
-11334
-11276
-10991
-10978
-11431
-11311
-10839
-11405
-10962
-10987
-10821
-11214
-10964
-10929
-10915
-11074
-10933
-11325
-11105
-11061
-11319
-11122
-10962
-11273
-11018
-11107
-10927
-11426
-10984
-11179
-11343
-10946
-10889
-10972
-11424
-11400
-11097
-11206
-10940
-11094
-11202
-10927
-11132
-10853
-11104
-10910
-11132
-11448
-10949
-11111
-11258
-11158
-11272
-11365
-11003
-10994
-11186
-10983
-11240
-11338
-11453
-11199
-11368
-10915
-11212
-11053
-10900
-11389
-11468
-11038
-10937
-11073
-10909
-11108
-11434
-10930
-11121
-11363
-11069
-10899
-10964
-11031
-10936
-10938
-11401
-11143
-11339
-11083
-11439
-11427
-11416
-11037
-11034
-11083
-11222
-11052
-11264
-11389
-10964
-10931
-11365
-11198
-11356
-11403
-10989
-11394
-11326
-11313
-11403
-11202
-10944
-11130
-11229
-11450
-11263
-11007
-11182
-11284
-11069
-11308
-11522
-11539
-11268
-11328
-11021
-11413
-11153
-11216
-11229
-11526
-11522
-11548
-11253
-11300
-11476
-11158
-11141
-11343
-11064
-11116
-11060
-11253
-11106
-11380
-11578
-11474
-11297
-11040
-11225
-11505
-11357
-11424
-11251
-11188
-11203
-11519
-11050
-11286
-11257
-11485
-11192
-11030
-11103
-11245
-11282
-11277
-11274
-11103
-11231
-11136
-11128
-11255
-11190
-11139
-11517
-11611
-11259
-11453
-11439
-11323
-11381
-11106
-11109
-11261
-11481
-10992
-11086
-11027
-11444
-11624
-11043
-11607
-11008
-11329
-11546
-11443
-11211
-11083
-11369
-11161
-11348
-10998
-11021
-11428
-11260
-11521
-11207
-11215
-11024
-11135
-11251
-11052
-11199
-11208
-11499
-11550
-11447
-11177
-11618
-11541
-11243
-11256
-11045
-11558
-11223
-11237
-11533
-11168
-11362
-11190
-11164
-11041
-11616
-11055
-11403
-11189
-11208
-11149
-11389
-11614
-11433
-11488
-11364
-11379
-11381
-11536
-11263
-11523
-11227
-11086
-11277
-11623
-11125
-11625
-11445
-11615
-11549
-11058
-11059
-11263
-11476
-11116
-11549
-11167
-11166
-11442
-11171
-11287
-11540
-11491
-11267
-11384
-11244
-11533
-11072
-11625
-11416
-11247
-11561
-11524
-11194
-11199
-11235
-11153
-11403
-11683
-11127
-11633
-11635
-11305
-11373
-11163
-11141
-11494
-11411
-11656
-11390
-11329
-11524
-11108
-11553
-11200
-11482
-11532
-11552
-11586
-11235
-11514
-11476
-11125
-11239
-11134
-11125
-11693
-11250
-11748
-11448
-11636
-11176
-11303
-11248
-11471
-11121
-11715
-11374
-11365
-11518
-11307
-11340
-11227
-11446
-11365
-11579
-11690
-11497
-11266
-11291
-11597
-11693
-11744
-11358
-11310
-11316
-11285
-11466
-11532
-11615
-11191
-11647
-11406
-11705
-11718
-11553
-11447
-11556
-11427
-11162
-11423
-11662
-11640
-11270
-11775
-11555
-11655
-11374
-11247
-11304
-11362
-11453
-11474
-11393
-11527
-11608
-11387
-11675
-11252
-11328
-11735
-11771
-11487
-11272
-11307
-11225
-11322
-11688
-11532
-11348
-11271
-11316
-11729
-11613
-11235
-11388
-11360
-11495
-11472
-11194
-11614
-11402
-11536
-11520
-11317
-11681
-11702
-11342
-11662
-11471
-11214
-11580
-11735
-11320
-11814
-11618
-11717
-11491
-11240
-11671
-11695
-11698
-11542
-11759
-11565
-11251
-11270
-11534
-11608
-11714
-11768
-11370
-11331
-11850
-11797
-11639
-11531
-11409
-11282
-11495
-11524
-11753
-11627
-11464
-11773
-11633
-11271
-11271
-11594
-11306
-11483
-11336
-11822
-11589
-11640
-11657
-11365
-11362
-11309
-11534
-11266
-11626
-11670
-11774
-11613
-11464
-11296
-11558
-11629
-11488
-11610
-11280
-11795
-11485
-11502
-11298
-11819
-11585
-11832
-11681
-11841
-11422
-11473
-11688
-11334
-11753
-11597
-11412
-11858
-11303
-11706
-11566
-11772
-11656
-11725
-11708
-11778
-11667
-11856
-11771
-11461
-11380
-11310
-11503
-11303
-11851
-11611
-11789
-11609
-11710
-11309
-11891
-11657
-11692
-11661
-11758
-11606
-11498
-11935
-11629
-11785
-11454
-11936
-11529
-11558
-11402
-11650
-11414
-11511
-11532
-11437
-11668
-11900
-11381
-11347
-11704
-11850
-11693
-11585
-11707
-11345
-11729
-11403
-11689
-11597
-11905
-11408
-11815
-11459
-11507
-11737
-11475
-11822
-11632
-11856
-11530
-11365
-11925
-11508
-11649
-11689
-11842
-11886
-11939
-11945
-11554
-11726
-11906
-11837
-11683
-11641
-11942
-11749
-11425
-11426
-11934
-11678
-11454
-11472
-11529
-11735
-11531
-11944
-11561
-11403
-11518
-11763
-11496
-11607
-11813
-11653
-11620
-11658
-11742
-11892
-11631
-11398
-12030
-11805
-11974
-11412
-11518
-11803
-11845
-11768
-11721
-11429
-12039
-11430
-12041
-11560
-11618
-11574
-11886
-11650
-11524
-11924
-11876
-11676
-11453
-12021
-11557
-11919
-11997
-11832
-11847
-11839
-11798
-11903
-12038
-11539
-11741
-11930
-11850
-11830
-11689
-11575
-11706
-12056
-11592
-11654
-11626
-11628
-11871
-11636
-11731
-11916
-11503
-11510
-11801
-11460
-11786
-11474
-11895
-11751
-11506
-11806
-11606
-11745
-11841
-12050
-11537
-11958
-11685
-11554
-11631
-11820
-11734
-11984
-11523
-11490
-11639
-11769
-11678
-12001
-11806
-11477
-11567
-11888
-11560
-11569
-11964
-12018
-11605
-11845
-12031
-11503
-11860
-11496
-12039
-11828
-12110
-12066
-12093
-11954
-11634
-11996
-12018
-11644
-11871
-11696
-11716
-12100
-11799
-11535
-11540
-12138
-11646
-12035
-12126
-11794
-11906
-11710
-11884
-11796
-12139
-11611
-11965
-11676
-12046
-11610
-11629
-11674
-11930
-11785
-11840
-11815
-11679
-11671
-11980
-12001
-11577
-11739
-11638
-12127
-11950
-11596
-11576
-12117
-11996
-11818
-11666
-11852
-12007
-11928
-12018
-12054
-12022
-11934
-12132
-11957
-11804
-11722
-12188
-11907
-11920
-11821
-12150
-12029
-12132
-11995
-12187
-12162
-11817
-11822
-12013
-11634
-12049
-11957
-12000
-12077
-12018
-11575
-12007
-11935
-11699
-11589
-11589
-11892
-11937
-11894
-12165
-12050
-11729
-12051
-11685
-11968
-11715
-11944
-12120
-11900
-12079
-11785
-11825
-11918
-11601
-11712
-11724
-11689
-12160
-11710
-12136
-12171
-11663
-12073
-12132
-11710
-12233
-11700
-12028
-11914
-11722
-12156
-12117
-11759
-11782
-11815
-12032
-11962
-11638
-11685
-12173
-12126
-11736
-11901
-11987
-11854
-12206
-12000
-11728
-12191
